18495770.0000    3246729.7500    2193.46
18495434.0000    3247682.0000    2243.49
18495100.0000    3248625.0000    2160.97
18494764.0000    3249577.2500    2136.60
18494430.0000    3250520.0000    2003.08
18494098.0000    3251463.0000    1981.47
18493764.0000    3252405.7500    1964.77
18493432.0000    3253348.5000    2001.72
18493092.0000    3254310.2500    2072.28
18492758.0000    3255253.2500    1853.56
18492424.0000    3256196.0000    1835.84
18497214.0000    3247404.2500    2108.65
18496878.0000    3248346.5000    2239.07
18496540.0000    3249298.5000    2066.06
18496202.0000    3250250.2500    2047.51
18495868.0000    3251192.7500    2006.95
18495534.0000    3252135.0000    1961.51
18495198.0000    3253077.5000    1938.30
18494864.0000    3254019.7500    1994.69
18494522.0000    3254981.0000    2087.30
18494188.0000    3255923.5000    1894.65
18498474.0000    3247337.7500    2023.45
18498138.0000    3248279.7500    2084.10
18497804.0000    3249221.7500    2228.02
18497464.0000    3250173.2500    1980.05
18497124.0000    3251124.5000    2015.02
18496790.0000    3252066.5000    1961.96
18496454.0000    3253008.5000    1941.71
18496118.0000    3253950.5000    1971.77
18495778.0000    3254902.0000    2112.19
18495440.0000    3255853.5000    2042.39
18495104.0000    3256795.5000    1862.56
18499492.0000    3248367.2500    1964.19
18499148.0000    3249305.7500    2082.67
18498798.0000    3250253.7500    1968.29
18498454.0000    3251192.2500    1888.39
18498104.0000    3252140.2500    1937.17
18497758.0000    3253078.7500    1894.94
18497414.0000    3254017.2500    1954.10
18497068.0000    3254955.7500    2013.40
18496716.0000    3255913.0000    2127.40
18496370.0000    3256851.5000    1905.69
18500732.0000    3248146.0000    1947.55
18500378.0000    3249081.5000    1948.52
18500024.0000    3250017.0000    2018.41
18499668.0000    3250962.0000    1850.02
18499314.0000    3251897.5000    1823.68
18498954.0000    3252851.7500    1887.35
18498600.0000    3253787.2500    1881.11
18498248.0000    3254722.7500    1926.85
18497894.0000    3255658.2500    2024.55
18497536.0000    3256603.0000    2051.11
18497184.0000    3257538.5000    1887.56
18502484.0000    3245943.0000    2073.20
18502134.0000    3246879.5000    1981.02
18501782.0000    3247815.7500    1927.46
18501428.0000    3248761.5000    1853.30
18501076.0000    3249698.0000    1901.41
18500722.0000    3250643.7500    1961.39
18500368.0000    3251589.5000    1796.43
18500016.0000    3252525.7500    1815.79
18499658.0000    3253481.0000    1855.82
18499308.0000    3254417.2500    1864.73
18498956.0000    3255353.7500    1941.06
18498602.0000    3256299.5000    2107.86
18498246.0000    3257245.0000    1986.27
18497896.0000    3258181.5000    1879.27
18503020.0000    3246858.0000    2004.10
18502666.0000    3247793.0000    1922.67
18502308.0000    3248737.2500    1780.36
18501954.0000    3249672.2500    1787.19
18501592.0000    3250626.0000    1896.01
18501234.0000    3251570.5000    1775.79
18500874.0000    3252514.7500    1791.10
18500516.0000    3253459.2500    1871.31
18500162.0000    3254394.2500    1826.90
18499808.0000    3255329.2500    1880.98
18499452.0000    3256264.2500    2037.90
18499090.0000    3257218.0000    2051.13
18498736.0000    3258153.0000    1924.22
18504188.0000    3246561.7500    2000.44
18503842.0000    3247500.2500    1928.35
18503496.0000    3248438.7500    1874.14
18503152.0000    3249377.0000    1738.19
18502806.0000    3250315.5000    1768.56
18502452.0000    3251272.7500    1833.79
18502104.0000    3252220.5000    1741.59
18501758.0000    3253159.0000    1743.68
18501410.0000    3254106.7500    1850.19
18501064.0000    3255045.0000    1851.82
18500718.0000    3255983.5000    1939.71
18500366.0000    3256940.7500    2137.36
18500016.0000    3257888.5000    2028.67
18499670.0000    3258827.0000    1964.00
18505278.0000    3247011.2500    2029.40
18504922.0000    3247946.0000    1951.56
18504564.0000    3248890.2500    1911.58
18504210.0000    3249825.0000    1699.84
18503854.0000    3250760.0000    1715.84
18503492.0000    3251713.5000    1730.15
18503136.0000    3252648.2500    1708.65
18502778.0000    3253592.5000    1775.45
18502416.0000    3254546.0000    1858.82
18502060.0000    3255481.0000    1889.65
18501706.0000    3256415.7500    2018.64
18501346.0000    3257360.0000    2166.87
18500992.0000    3258295.0000    2023.78
18500632.0000    3259239.0000    1988.92
18506052.0000    3247365.0000    2062.86
18505698.0000    3248300.2500    2035.69
18505340.0000    3249244.7500    1918.36
18504986.0000    3250180.0000    1628.10
18504632.0000    3251115.2500    1657.64
18504274.0000    3252060.0000    1675.30
18503920.0000    3252995.2500    1709.94
18503562.0000    3253940.0000    1866.34
18503202.0000    3254894.0000    1985.18
18502848.0000    3255829.2500    1968.14
18502494.0000    3256764.5000    2052.03
18502136.0000    3257709.0000    2188.25
18501782.0000    3258644.2500    2081.80
18501428.0000    3259579.7500    2004.68
18507188.0000    3247759.7500    2080.84
18506836.0000    3248695.7500    2027.02
18506480.0000    3249641.2500    1929.38
18506126.0000    3250586.7500    1513.52
18505774.0000    3251522.7500    1570.84
18505422.0000    3252458.7500    1619.60
18505070.0000    3253394.7500    1689.35
18504714.0000    3254340.2500    1911.06
18504356.0000    3255295.0000    1978.69
18504004.0000    3256231.0000    1951.90
18503652.0000    3257167.0000    2050.70
18503296.0000    3258112.5000    2162.28
18502944.0000    3259048.5000    2049.92
18502592.0000    3259984.5000    2044.91
18507664.0000    3248208.2500    2077.21
18507312.0000    3249144.2500    2010.39
18506956.0000    3250089.5000    1861.22
18506600.0000    3251034.7500    1484.00
18506248.0000    3251970.5000    1566.69
18505896.0000    3252906.5000    1576.65
18505544.0000    3253842.2500    1734.39
18505186.0000    3254797.0000    2019.76
18504830.0000    3255742.2500    1982.86
18504478.0000    3256678.0000    1999.25
18504126.0000    3257614.0000    2083.64
18503766.0000    3258568.5000    2146.50
18503414.0000    3259504.5000    2033.44
18509466.0000    3248080.5000    2037.88
18509110.0000    3249014.7500    2039.49
18508750.0000    3249958.5000    2023.08
18508392.0000    3250892.7500    1641.71
18508032.0000    3251836.2500    1437.22
18507676.0000    3252770.5000    1575.73
18507320.0000    3253704.7500    1652.98
18506958.0000    3254648.5000    1864.81
18506594.0000    3255601.2500    2048.52
18506234.0000    3256545.0000    2031.82
18505878.0000    3257479.2500    2065.66
18505522.0000    3258413.5000    2137.50
18505158.0000    3259366.5000    2138.72
18504800.0000    3260300.7500    2063.10
18510142.0000    3248837.2500    2039.49
18509792.0000    3249774.2500    2013.89
18509438.0000    3250720.7500    1931.22
18509086.0000    3251667.0000    1421.77
18508736.0000    3252604.0000    1563.34
18508388.0000    3253541.0000    1678.81
18508038.0000    3254478.0000    1785.69
18507682.0000    3255434.0000    2018.89
18507328.0000    3256380.2500    2072.28
18506980.0000    3257317.2500    2059.11
18506630.0000    3258254.2500    2096.04
18506280.0000    3259191.2500    2137.07
18505928.0000    3260137.7500    2091.15
18491902.0000    3250587.0000    2034.03
18492810.0000    3251002.0000    1994.95
18493720.0000    3251417.2500    1993.70
18494630.0000    3251832.2500    1974.52
18495540.0000    3252247.2500    1950.11
18496450.0000    3252662.5000    1928.64
18497360.0000    3253077.5000    1912.83
18498270.0000    3253492.5000    1892.93
18499180.0000    3253907.7500    1855.57
18500098.0000    3254326.7500    1839.84
18501008.0000    3254742.0000    1855.40
18501918.0000    3255157.0000    1868.16
18502828.0000    3255572.0000    1942.85
18503738.0000    3255987.2500    1941.95
18504648.0000    3256402.2500    1979.11
18505556.0000    3256817.2500    2024.15
18506466.0000    3257232.5000    2039.81
18507376.0000    3257647.5000    2057.92
18508286.0000    3258062.5000    2055.46
18509196.0000    3258477.7500    2067.51
