    -3.0000       -3.0000       0.0001    
    -2.8500       -3.0000       0.0003    
    -2.7000       -3.0000       0.0013    
    -2.5500       -3.0000       0.0046    
    -2.4000       -3.0000       0.0144    
    -2.2500       -3.0000       0.0401    
    -2.1000       -3.0000       0.1007    
    -1.9500       -3.0000       0.2294    
    -1.8000       -3.0000       0.4737    
    -1.6500       -3.0000       0.8872    
    -1.5000       -3.0000       1.5071    
    -1.3500       -3.0000       2.3200    
    -1.2000       -3.0000       3.2338    
    -1.0500       -3.0000       4.0757    
    -0.9000       -3.0000       4.6361    
    -0.7500       -3.0000       4.7466    
    -0.6000       -3.0000       4.3566    
    -0.4500       -3.0000       3.5617    
    -0.3000       -3.0000       2.5646    
    -0.1500       -3.0000       1.5903    
    0.0000        -3.0000       0.8037    
    0.1500        -3.0000       0.2715    
    0.3000        -3.0000       -0.0262   
    0.4500        -3.0000       -0.1544   
    0.6000        -3.0000       -0.1833   
    0.7500        -3.0000       -0.1657   
    0.9000        -3.0000       -0.1327   
    1.0500        -3.0000       -0.0991   
    1.2000        -3.0000       -0.0704   
    1.3500        -3.0000       -0.0478   
    1.5000        -3.0000       -0.0311   
    1.6500        -3.0000       -0.0193   
    1.8000        -3.0000       -0.0115   
    1.9500        -3.0000       -0.0065   
    2.1000        -3.0000       -0.0035   
    2.2500        -3.0000       -0.0018   
    2.4000        -3.0000       -0.0009   
    2.5500        -3.0000       -0.0004   
    2.7000        -3.0000       -0.0002   
    2.8500        -3.0000       -0.0001   
    3.0000        -3.0000       -0.0000   
    -3.0000       -2.8500       0.0000    
    -2.8500       -2.8500       0.0002    
    -2.7000       -2.8500       0.0011    
    -2.5500       -2.8500       0.0042    
    -2.4000       -2.8500       0.0135    
    -2.2500       -2.8500       0.0383    
    -2.1000       -2.8500       0.0974    
    -1.9500       -2.8500       0.2233    
    -1.8000       -2.8500       0.4632    
    -1.6500       -2.8500       0.8698    
    -1.5000       -2.8500       1.4792    
    -1.3500       -2.8500       2.2776    
    -1.2000       -2.8500       3.1719    
    -1.0500       -2.8500       3.9894    
    -0.9000       -2.8500       4.5208    
    -0.7500       -2.8500       4.5992    
    -0.6000       -2.8500       4.1763    
    -0.4500       -2.8500       3.3508    
    -0.3000       -2.8500       2.3287    
    -0.1500       -2.8500       1.3379    
    0.0000        -2.8500       0.5456    
    0.1500        -2.8500       0.0190    
    0.3000        -2.8500       -0.2622   
    0.4500        -2.8500       -0.3652   
    0.6000        -2.8500       -0.3633   
    0.7500        -2.8500       -0.3125   
    0.9000        -2.8500       -0.2472   
    1.0500        -2.8500       -0.1843   
    1.2000        -2.8500       -0.1309   
    1.3500        -2.8500       -0.0889   
    1.5000        -2.8500       -0.0577   
    1.6500        -2.8500       -0.0358   
    1.8000        -2.8500       -0.0212   
    1.9500        -2.8500       -0.0120   
    2.1000        -2.8500       -0.0065   
    2.2500        -2.8500       -0.0033   
    2.4000        -2.8500       -0.0016   
    2.5500        -2.8500       -0.0008   
    2.7000        -2.8500       -0.0003   
    2.8500        -2.8500       -0.0001   
    3.0000        -2.8500       -0.0001   
    -3.0000       -2.7000       -0.0000   
    -2.8500       -2.7000       0.0001    
    -2.7000       -2.7000       0.0008    
    -2.5500       -2.7000       0.0035    
    -2.4000       -2.7000       0.0120    
    -2.2500       -2.7000       0.0353    
    -2.1000       -2.7000       0.0918    
    -1.9500       -2.7000       0.2133    
    -1.8000       -2.7000       0.4458    
    -1.6500       -2.7000       0.8410    
    -1.5000       -2.7000       1.4335    
    -1.3500       -2.7000       2.2081    
    -1.2000       -2.7000       3.0707    
    -1.0500       -2.7000       3.8483    
    -0.9000       -2.7000       4.3324    
    -0.7500       -2.7000       4.3586    
    -0.6000       -2.7000       3.8822    
    -0.4500       -2.7000       3.0068    
    -0.3000       -2.7000       1.9440    
    -0.1500       -2.7000       0.9263    
    0.0000        -2.7000       0.1245    
    0.1500        -2.7000       -0.3928   
    0.3000        -2.7000       -0.6471   
    0.4500        -2.7000       -0.7091   
    0.6000        -2.7000       -0.6567   
    0.7500        -2.7000       -0.5518   
    0.9000        -2.7000       -0.4335   
    1.0500        -2.7000       -0.3229   
    1.2000        -2.7000       -0.2293   
    1.3500        -2.7000       -0.1556   
    1.5000        -2.7000       -0.1008   
    1.6500        -2.7000       -0.0624   
    1.8000        -2.7000       -0.0369   
    1.9500        -2.7000       -0.0208   
    2.1000        -2.7000       -0.0112   
    2.2500        -2.7000       -0.0057   
    2.4000        -2.7000       -0.0028   
    2.5500        -2.7000       -0.0013   
    2.7000        -2.7000       -0.0006   
    2.8500        -2.7000       -0.0002   
    3.0000        -2.7000       -0.0001   
    -3.0000       -2.5500       -0.0001   
    -2.8500       -2.5500       -0.0002   
    -2.7000       -2.5500       0.0002    
    -2.5500       -2.5500       0.0023    
    -2.4000       -2.5500       0.0096    
    -2.2500       -2.5500       0.0307    
    -2.1000       -2.5500       0.0831    
    -1.9500       -2.5500       0.1976    
    -1.8000       -2.5500       0.4189    
    -1.6500       -2.5500       0.7966    
    -1.5000       -2.5500       1.3634    
    -1.3500       -2.5500       2.1019    
    -1.2000       -2.5500       2.9164    
    -1.0500       -2.5500       3.6336    
    -0.9000       -2.5500       4.0464    
    -0.7500       -2.5500       3.9936    
    -0.6000       -2.5500       3.4364    
    -0.4500       -2.5500       2.4857    
    -0.3000       -2.5500       1.3610    
    -0.1500       -2.5500       0.3027    
    0.0000        -2.5500       -0.5135   
    0.1500        -2.5500       -1.0168   
    0.3000        -2.5500       -1.2304   
    0.4500        -2.5500       -1.2301   
    0.6000        -2.5500       -1.1013   
    0.7500        -2.5500       -0.9140   
    0.9000        -2.5500       -0.7153   
    1.0500        -2.5500       -0.5321   
    1.2000        -2.5500       -0.3776   
    1.3500        -2.5500       -0.2558   
    1.5000        -2.5500       -0.1654   
    1.6500        -2.5500       -0.1021   
    1.8000        -2.5500       -0.0601   
    1.9500        -2.5500       -0.0337   
    2.1000        -2.5500       -0.0180   
    2.2500        -2.5500       -0.0092   
    2.4000        -2.5500       -0.0045   
    2.5500        -2.5500       -0.0021   
    2.7000        -2.5500       -0.0009   
    2.8500        -2.5500       -0.0004   
    3.0000        -2.5500       -0.0002   
    -3.0000       -2.4000       -0.0003   
    -2.8500       -2.4000       -0.0006   
    -2.7000       -2.4000       -0.0006   
    -2.5500       -2.4000       0.0005    
    -2.4000       -2.4000       0.0060    
    -2.2500       -2.4000       0.0238    
    -2.1000       -2.4000       0.0703    
    -1.9500       -2.4000       0.1749    
    -1.8000       -2.4000       0.3801    
    -1.6500       -2.4000       0.7331    
    -1.5000       -2.4000       1.2636    
    -1.3500       -2.4000       1.9513    
    -1.2000       -2.4000       2.6987    
    -1.0500       -2.4000       3.3317    
    -0.9000       -2.4000       3.6449    
    -0.7500       -2.4000       3.4822    
    -0.6000       -2.4000       2.8124    
    -0.4500       -2.4000       1.7566    
    -0.3000       -2.4000       0.5458    
    -0.1500       -2.4000       -0.5695   
    0.0000        -2.4000       -1.4059   
    0.1500        -2.4000       -1.8897   
    0.3000        -2.4000       -2.0464   
    0.4500        -2.4000       -1.9587   
    0.6000        -2.4000       -1.7226   
    0.7500        -2.4000       -1.4198   
    0.9000        -2.4000       -1.1082   
    1.0500        -2.4000       -0.8232   
    1.2000        -2.4000       -0.5832   
    1.3500        -2.4000       -0.3941   
    1.5000        -2.4000       -0.2541   
    1.6500        -2.4000       -0.1562   
    1.8000        -2.4000       -0.0915   
    1.9500        -2.4000       -0.0510   
    2.1000        -2.4000       -0.0271   
    2.2500        -2.4000       -0.0137   
    2.4000        -2.4000       -0.0066   
    2.5500        -2.4000       -0.0030   
    2.7000        -2.4000       -0.0013   
    2.8500        -2.4000       -0.0005   
    3.0000        -2.4000       -0.0002   
    -3.0000       -2.2500       -0.0006   
    -2.8500       -2.2500       -0.0011   
    -2.7000       -2.2500       -0.0019   
    -2.5500       -2.2500       -0.0021   
    -2.4000       -2.2500       0.0009    
    -2.2500       -2.2500       0.0141    
    -2.1000       -2.2500       0.0527    
    -1.9500       -2.2500       0.1440    
    -1.8000       -2.2500       0.3281    
    -1.6500       -2.2500       0.6488    
    -1.5000       -2.2500       1.1322    
    -1.3500       -2.2500       1.7547    
    -1.2000       -2.2500       2.4162    
    -1.0500       -2.2500       2.9418    
    -0.9000       -2.2500       3.1286    
    -0.7500       -2.2500       2.8262    
    -0.6000       -2.2500       2.0133    
    -0.4500       -2.2500       0.8241    
    -0.3000       -2.2500       -0.4966   
    -0.1500       -2.2500       -1.6847   
    0.0000        -2.2500       -2.5472   
    0.1500        -2.2500       -3.0063   
    0.3000        -2.2500       -3.0903   
    0.4500        -2.2500       -2.8906   
    0.6000        -2.2500       -2.5166   
    0.7500        -2.2500       -2.0650   
    0.9000        -2.2500       -1.6080   
    1.0500        -2.2500       -1.1920   
    1.2000        -2.2500       -0.8423   
    1.3500        -2.2500       -0.5673   
    1.5000        -2.2500       -0.3640   
    1.6500        -2.2500       -0.2225   
    1.8000        -2.2500       -0.1294   
    1.9500        -2.2500       -0.0715   
    2.1000        -2.2500       -0.0376   
    2.2500        -2.2500       -0.0187   
    2.4000        -2.2500       -0.0088   
    2.5500        -2.2500       -0.0039   
    2.7000        -2.2500       -0.0017   
    2.8500        -2.2500       -0.0007   
    3.0000        -2.2500       -0.0002   
    -3.0000       -2.1000       -0.0010   
    -2.8500       -2.1000       -0.0020   
    -2.7000       -2.1000       -0.0036   
    -2.5500       -2.1000       -0.0056   
    -2.4000       -2.1000       -0.0059   
    -2.2500       -2.1000       0.0014    
    -2.1000       -2.1000       0.0299    
    -1.9500       -2.1000       0.1048    
    -1.8000       -2.1000       0.2631    
    -1.6500       -2.1000       0.5452    
    -1.5000       -2.1000       0.9733    
    -1.3500       -2.1000       1.5200    
    -1.2000       -2.1000       2.0824    
    -1.0500       -2.1000       2.4851    
    -0.9000       -2.1000       2.5278    
    -0.7500       -2.1000       2.0665    
    -0.6000       -2.1000       1.0909    
    -0.4500       -2.1000       -0.2508   
    -0.3000       -2.1000       -1.6972   
    -0.1500       -2.1000       -2.9691   
    0.0000        -2.1000       -3.8621   
    0.1500        -2.1000       -4.2934   
    0.3000        -2.1000       -4.2935   
    0.4500        -2.1000       -3.9641   
    0.6000        -2.1000       -3.4298   
    0.7500        -2.1000       -2.8049   
    0.9000        -2.1000       -2.1785   
    1.0500        -2.1000       -1.6101   
    1.2000        -2.1000       -1.1331   
    1.3500        -2.1000       -0.7591   
    1.5000        -2.1000       -0.4837   
    1.6500        -2.1000       -0.2929   
    1.8000        -2.1000       -0.1683   
    1.9500        -2.1000       -0.0917   
    2.1000        -2.1000       -0.0473   
    2.2500        -2.1000       -0.0230   
    2.4000        -2.1000       -0.0105   
    2.5500        -2.1000       -0.0045   
    2.7000        -2.1000       -0.0018   
    2.8500        -2.1000       -0.0007   
    3.0000        -2.1000       -0.0002   
    -3.0000       -1.9500       -0.0015   
    -2.8500       -1.9500       -0.0032   
    -2.7000       -1.9500       -0.0061   
    -2.5500       -1.9500       -0.0104   
    -2.4000       -1.9500       -0.0149   
    -2.2500       -1.9500       -0.0148   
    -2.1000       -1.9500       0.0018    
    -1.9500       -1.9500       0.0579    
    -1.8000       -1.9500       0.1876    
    -1.6500       -1.9500       0.4280    
    -1.5000       -1.9500       0.7978    
    -1.3500       -1.9500       1.2665    
    -1.2000       -1.9500       1.7288    
    -1.0500       -1.9500       2.0090    
    -0.9000       -1.9500       1.9091    
    -0.7500       -1.9500       1.2913    
    -0.6000       -1.9500       0.1551    
    -0.4500       -1.9500       -1.3374   
    -0.3000       -1.9500       -2.9093   
    -0.1500       -1.9500       -4.2660   
    0.0000        -1.9500       -5.1908   
    0.1500        -1.9500       -5.5948   
    0.3000        -1.9500       -5.5104   
    0.4500        -1.9500       -5.0485   
    0.6000        -1.9500       -4.3493   
    0.7500        -1.9500       -3.5457   
    0.9000        -1.9500       -2.7443   
    1.0500        -1.9500       -2.0190   
    1.2000        -1.9500       -1.4118   
    1.3500        -1.9500       -0.9377   
    1.5000        -1.9500       -0.5907   
    1.6500        -1.9500       -0.3523   
    1.8000        -1.9500       -0.1986   
    1.9500        -1.9500       -0.1054   
    2.1000        -1.9500       -0.0525   
    2.2500        -1.9500       -0.0244   
    2.4000        -1.9500       -0.0104   
    2.5500        -1.9500       -0.0041   
    2.7000        -1.9500       -0.0014   
    2.8500        -1.9500       -0.0004   
    3.0000        -1.9500       -0.0000   
    -3.0000       -1.8000       -0.0023   
    -2.8500       -1.8000       -0.0048   
    -2.7000       -1.8000       -0.0093   
    -2.5500       -1.8000       -0.0166   
    -2.4000       -1.8000       -0.0262   
    -2.2500       -1.8000       -0.0347   
    -2.1000       -1.8000       -0.0314   
    -1.9500       -1.8000       0.0044    
    -1.8000       -1.8000       0.1051    
    -1.6500       -1.8000       0.3054    
    -1.5000       -1.8000       0.6220    
    -1.3500       -1.8000       1.0227    
    -1.2000       -1.8000       1.4014    
    -1.0500       -1.8000       1.5823    
    -0.9000       -1.8000       1.3692    
    -0.7500       -1.8000       0.6282    
    -0.6000       -1.8000       -0.6344   
    -0.4500       -1.8000       -2.2471   
    -0.3000       -1.8000       -3.9209   
    -0.1500       -1.8000       -5.3483   
    0.0000        -1.8000       -6.3014   
    0.1500        -1.8000       -6.6846   
    0.3000        -1.8000       -6.5297   
    0.4500        -1.8000       -5.9544   
    0.6000        -1.8000       -5.1119   
    0.7500        -1.8000       -4.1515   
    0.9000        -1.8000       -3.1964   
    1.0500        -1.8000       -2.3341   
    1.2000        -1.8000       -1.6151   
    1.3500        -1.8000       -1.0572   
    1.5000        -1.8000       -0.6529   
    1.6500        -1.8000       -0.3791   
    1.8000        -1.8000       -0.2059   
    1.9500        -1.8000       -0.1037   
    2.1000        -1.8000       -0.0479   
    2.2500        -1.8000       -0.0197   
    2.4000        -1.8000       -0.0069   
    2.5500        -1.8000       -0.0017   
    2.7000        -1.8000       0.0001    
    2.8500        -1.8000       0.0004    
    3.0000        -1.8000       0.0004    
    -3.0000       -1.6500       -0.0034   
    -2.8500       -1.6500       -0.0071   
    -2.7000       -1.6500       -0.0137   
    -2.5500       -1.6500       -0.0247   
    -2.4000       -1.6500       -0.0406   
    -2.2500       -1.6500       -0.0589   
    -2.1000       -1.6500       -0.0703   
    -1.9500       -1.6500       -0.0549   
    -1.8000       -1.6500       0.0186    
    -1.6500       -1.6500       0.1852    
    -1.5000       -1.6500       0.4621    
    -1.3500       -1.6500       0.8181    
    -1.2000       -1.6500       1.1486    
    -1.0500       -1.6500       1.2788    
    -0.9000       -1.6500       1.0127    
    -0.7500       -1.6500       0.2164    
    -0.6000       -1.6500       -1.1035   
    -0.4500       -1.6500       -2.7733   
    -0.3000       -1.6500       -4.4995   
    -0.1500       -1.6500       -5.9675   
    0.0000        -1.6500       -6.9407   
    0.1500        -1.6500       -7.3157   
    0.3000        -1.6500       -7.1205   
    0.4500        -1.6500       -6.4746   
    0.6000        -1.6500       -5.5385   
    0.7500        -1.6500       -4.4731   
    0.9000        -1.6500       -3.4147   
    1.0500        -1.6500       -2.4619   
    1.2000        -1.6500       -1.6723   
    1.3500        -1.6500       -1.0661   
    1.5000        -1.6500       -0.6339   
    1.6500        -1.6500       -0.3483   
    1.8000        -1.6500       -0.1739   
    1.9500        -1.6500       -0.0763   
    2.1000        -1.6500       -0.0271   
    2.2500        -1.6500       -0.0054   
    2.4000        -1.6500       0.0023    
    2.5500        -1.6500       0.0038    
    2.7000        -1.6500       0.0031    
    2.8500        -1.6500       0.0020    
    3.0000        -1.6500       0.0011    
    -3.0000       -1.5000       -0.0050   
    -2.8500       -1.5000       -0.0102   
    -2.7000       -1.5000       -0.0196   
    -2.5500       -1.5000       -0.0355   
    -2.4000       -1.5000       -0.0591   
    -2.2500       -1.5000       -0.0890   
    -2.1000       -1.5000       -0.1165   
    -1.9500       -1.5000       -0.1218   
    -1.8000       -1.5000       -0.0722   
    -1.6500       -1.5000       0.0701    
    -1.5000       -1.5000       0.3265    
    -1.3500       -1.5000       0.6712    
    -1.2000       -1.5000       1.0036    
    -1.0500       -1.5000       1.1515    
    -0.9000       -1.5000       0.9171    
    -0.7500       -1.5000       0.1610    
    -0.6000       -1.5000       -1.1186   
    -0.4500       -1.5000       -2.7569   
    -0.3000       -1.5000       -4.4659   
    -0.1500       -1.5000       -5.9318   
    0.0000        -1.5000       -6.9130   
    0.1500        -1.5000       -7.2978   
    0.3000        -1.5000       -7.1053   
    0.4500        -1.5000       -6.4493   
    0.6000        -1.5000       -5.4903   
    0.7500        -1.5000       -4.3938   
    0.9000        -1.5000       -3.3037   
    1.0500        -1.5000       -2.3264   
    1.2000        -1.5000       -1.5248   
    1.3500        -1.5000       -0.9204   
    1.5000        -1.5000       -0.5019   
    1.6500        -1.5000       -0.2376   
    1.8000        -1.5000       -0.0876   
    1.9500        -1.5000       -0.0134   
    2.1000        -1.5000       0.0160    
    2.2500        -1.5000       0.0223    
    2.4000        -1.5000       0.0191    
    2.5500        -1.5000       0.0134    
    2.7000        -1.5000       0.0083    
    2.8500        -1.5000       0.0047    
    3.0000        -1.5000       0.0024    
    -3.0000       -1.3500       -0.0070   
    -2.8500       -1.3500       -0.0143   
    -2.7000       -1.3500       -0.0275   
    -2.5500       -1.3500       -0.0496   
    -2.4000       -1.3500       -0.0830   
    -2.2500       -1.3500       -0.1270   
    -2.1000       -1.3500       -0.1733   
    -1.9500       -1.3500       -0.2007   
    -1.8000       -1.3500       -0.1729   
    -1.6500       -1.3500       -0.0462   
    -1.5000       -1.3500       0.2095    
    -1.3500       -1.3500       0.5778    
    -1.2000       -1.3500       0.9667    
    -1.0500       -1.3500       1.2071    
    -0.9000       -1.3500       1.0979    
    -0.7500       -1.3500       0.4874    
    -0.6000       -1.3500       -0.6444   
    -0.4500       -1.3500       -2.1533   
    -0.3000       -1.3500       -3.7690   
    -0.1500       -1.3500       -5.1865   
    0.0000        -1.3500       -6.1633   
    0.1500        -1.3500       -6.5776   
    0.3000        -1.3500       -6.4342   
    0.4500        -1.3500       -5.8332   
    0.6000        -1.3500       -4.9262   
    0.7500        -1.3500       -3.8765   
    0.9000        -1.3500       -2.8303   
    1.0500        -1.3500       -1.8986   
    1.2000        -1.3500       -1.1475   
    1.3500        -1.3500       -0.5991   
    1.5000        -1.3500       -0.2400   
    1.6500        -1.3500       -0.0342   
    1.8000        -1.3500       0.0625    
    1.9500        -1.3500       0.0916    
    2.1000        -1.3500       0.0856    
    2.2500        -1.3500       0.0661    
    2.4000        -1.3500       0.0451    
    2.5500        -1.3500       0.0281    
    2.7000        -1.3500       0.0162    
    2.8500        -1.3500       0.0087    
    3.0000        -1.3500       0.0044    
    -3.0000       -1.2000       -0.0098   
    -2.8500       -1.2000       -0.0198   
    -2.7000       -1.2000       -0.0378   
    -2.5500       -1.2000       -0.0680   
    -2.4000       -1.2000       -0.1139   
    -2.2500       -1.2000       -0.1759   
    -2.1000       -1.2000       -0.2453   
    -1.9500       -1.2000       -0.2987   
    -1.8000       -1.2000       -0.2946   
    -1.6500       -1.2000       -0.1798   
    -1.5000       -1.2000       0.0883    
    -1.3500       -1.2000       0.5075    
    -1.2000       -1.2000       0.9973    
    -1.0500       -1.2000       1.3939    
    -0.9000       -1.2000       1.4904    
    -0.7500       -1.2000       1.1173    
    -0.6000       -1.2000       0.2268    
    -0.4500       -1.2000       -1.0687   
    -0.3000       -1.2000       -2.5263   
    -0.1500       -1.2000       -3.8575   
    0.0000        -1.2000       -4.8209   
    0.1500        -1.2000       -5.2824   
    0.3000        -1.2000       -5.2262   
    0.4500        -1.2000       -4.7317   
    0.6000        -1.2000       -3.9347   
    0.7500        -1.2000       -2.9908   
    0.9000        -1.2000       -2.0458   
    1.0500        -1.2000       -1.2132   
    1.2000        -1.2000       -0.5619   
    1.3500        -1.2000       -0.1142   
    1.5000        -1.2000       0.1465    
    1.6500        -1.2000       0.2606    
    1.8000        -1.2000       0.2769    
    1.9500        -1.2000       0.2398    
    2.1000        -1.2000       0.1829    
    2.2500        -1.2000       0.1268    
    2.4000        -1.2000       0.0810    
    2.5500        -1.2000       0.0483    
    2.7000        -1.2000       0.0269    
    2.8500        -1.2000       0.0141    
    3.0000        -1.2000       0.0070    
    -3.0000       -1.0500       -0.0133   
    -2.8500       -1.0500       -0.0267   
    -2.7000       -1.0500       -0.0509   
    -2.5500       -1.0500       -0.0913   
    -2.4000       -1.0500       -0.1532   
    -2.2500       -1.0500       -0.2379   
    -2.1000       -1.0500       -0.3368   
    -1.9500       -1.0500       -0.4237   
    -1.8000       -1.0500       -0.4502   
    -1.6500       -1.0500       -0.3518   
    -1.5000       -1.0500       -0.0699   
    -1.3500       -1.0500       0.4107    
    -1.2000       -1.0500       1.0243    
    -1.0500       -1.0500       1.6135    
    -0.9000       -1.0500       1.9642    
    -0.7500       -1.0500       1.8848    
    -0.6000       -1.0500       1.2926    
    -0.4500       -1.0500       0.2608    
    -0.3000       -1.0500       -1.0020   
    -0.1500       -1.0500       -2.2273   
    0.0000        -1.0500       -3.1748   
    0.1500        -1.0500       -3.6947   
    0.3000        -1.0500       -3.7457   
    0.4500        -1.0500       -3.3809   
    0.6000        -1.0500       -2.7169   
    0.7500        -1.0500       -1.9004   
    0.9000        -1.0500       -1.0769   
    1.0500        -1.0500       -0.3640   
    1.2000        -1.0500       0.1659    
    1.3500        -1.0500       0.4903    
    1.5000        -1.0500       0.6294    
    1.6500        -1.0500       0.6296    
    1.8000        -1.0500       0.5456    
    1.9500        -1.0500       0.4259    
    2.1000        -1.0500       0.3053    
    2.2500        -1.0500       0.2031    
    2.4000        -1.0500       0.1263    
    2.5500        -1.0500       0.0737    
    2.7000        -1.0500       0.0405    
    2.8500        -1.0500       0.0210    
    3.0000        -1.0500       0.0103    
    -3.0000       -0.9000       -0.0174   
    -2.8500       -0.9000       -0.0350   
    -2.7000       -0.9000       -0.0666   
    -2.5500       -0.9000       -0.1194   
    -2.4000       -0.9000       -0.2008   
    -2.2500       -0.9000       -0.3137   
    -2.1000       -0.9000       -0.4497   
    -1.9500       -0.9000       -0.5798   
    -1.8000       -0.9000       -0.6487   
    -1.6500       -0.9000       -0.5791   
    -1.5000       -0.9000       -0.2951   
    -1.3500       -0.9000       0.2384    
    -1.2000       -0.9000       0.9721    
    -1.0500       -0.9000       1.7559    
    -0.9000       -0.9000       2.3680    
    -0.7500       -0.9000       2.5926    
    -0.6000       -0.9000       2.3089    
    -0.4500       -0.9000       1.5476    
    -0.3000       -0.9000       0.4813    
    -0.1500       -0.9000       -0.6411   
    0.0000        -0.9000       -1.5778   
    0.1500        -0.9000       -2.1590   
    0.3000        -0.9000       -2.3144   
    0.4500        -0.9000       -2.0688   
    0.6000        -0.9000       -1.5203   
    0.7500        -0.9000       -0.8095   
    0.9000        -0.9000       -0.0858   
    1.0500        -0.9000       0.5253    
    1.2000        -0.9000       0.9450    
    1.3500        -0.9000       1.1499    
    1.5000        -0.9000       1.1648    
    1.6500        -0.9000       1.0440    
    1.8000        -0.9000       0.8504    
    1.9500        -0.9000       0.6387    
    2.1000        -0.9000       0.4461    
    2.2500        -0.9000       0.2914    
    2.4000        -0.9000       0.1788    
    2.5500        -0.9000       0.1033    
    2.7000        -0.9000       0.0563    
    2.8500        -0.9000       0.0290    
    3.0000        -0.9000       0.0142    
    -3.0000       -0.7500       -0.0221   
    -2.8500       -0.7500       -0.0444   
    -2.7000       -0.7500       -0.0843   
    -2.5500       -0.7500       -0.1514   
    -2.4000       -0.7500       -0.2552   
    -2.2500       -0.7500       -0.4009   
    -2.1000       -0.7500       -0.5809   
    -1.9500       -0.7500       -0.7641   
    -1.8000       -0.7500       -0.8885   
    -1.6500       -0.7500       -0.8643   
    -1.5000       -0.7500       -0.5980   
    -1.3500       -0.7500       -0.0347   
    -1.2000       -0.7500       0.7937    
    -1.0500       -0.7500       1.7445    
    -0.9000       -0.7500       2.5888    
    -0.7500       -0.7500       3.0862    
    -0.6000       -0.7500       3.0791    
    -0.4500       -0.7500       2.5568    
    -0.3000       -0.7500       1.6584    
    -0.1500       -0.7500       0.6176    
    0.0000        -0.7500       -0.3184   
    0.1500        -0.7500       -0.9563   
    0.3000        -0.7500       -1.1947   
    0.4500        -0.7500       -1.0317   
    0.6000        -0.7500       -0.5505   
    0.7500        -0.7500       0.1083    
    0.9000        -0.7500       0.7853    
    1.0500        -0.7500       1.3411    
    1.2000        -0.7500       1.6871    
    1.3500        -0.7500       1.7980    
    1.5000        -0.7500       1.7040    
    1.6500        -0.7500       1.4694    
    1.8000        -0.7500       1.1681    
    1.9500        -0.7500       0.8630    
    2.1000        -0.7500       0.5959    
    2.2500        -0.7500       0.3860    
    2.4000        -0.7500       0.2353    
    2.5500        -0.7500       0.1353    
    2.7000        -0.7500       0.0735    
    2.8500        -0.7500       0.0378    
    3.0000        -0.7500       0.0184    
    -3.0000       -0.6000       -0.0269   
    -2.8500       -0.6000       -0.0541   
    -2.7000       -0.6000       -0.1029   
    -2.5500       -0.6000       -0.1849   
    -2.4000       -0.6000       -0.3124   
    -2.2500       -0.6000       -0.4933   
    -2.1000       -0.6000       -0.7212   
    -1.9500       -0.6000       -0.9638   
    -1.8000       -0.6000       -1.1533   
    -1.6500       -0.6000       -1.1889   
    -1.5000       -0.6000       -0.9604   
    -1.3500       -0.6000       -0.3943   
    -1.2000       -0.6000       0.4937    
    -1.0500       -0.6000       1.5684    
    -0.9000       -0.6000       2.5944    
    -0.7500       -0.6000       3.3094    
    -0.6000       -0.6000       3.5220    
    -0.4500       -0.6000       3.1853    
    -0.3000       -0.6000       2.4108    
    -0.1500       -0.6000       1.4218    
    0.0000        -0.6000       0.4756    
    0.1500        -0.6000       -0.2093   
    0.3000        -0.6000       -0.5013   
    0.4500        -0.6000       -0.3745   
    0.6000        -0.6000       0.0967    
    0.7500        -0.6000       0.7658    
    0.9000        -0.6000       1.4566    
    1.0500        -0.6000       2.0117    
    1.2000        -0.6000       2.3295    
    1.3500        -0.6000       2.3815    
    1.5000        -0.6000       2.2037    
    1.6500        -0.6000       1.8723    
    1.8000        -0.6000       1.4738    
    1.9500        -0.6000       1.0815    
    2.1000        -0.6000       0.7431    
    2.2500        -0.6000       0.4797    
    2.4000        -0.6000       0.2917    
    2.5500        -0.6000       0.1673    
    2.7000        -0.6000       0.0908    
    2.8500        -0.6000       0.0466    
    3.0000        -0.6000       0.0227    
    -3.0000       -0.4500       -0.0315   
    -2.8500       -0.4500       -0.0632   
    -2.7000       -0.4500       -0.1203   
    -2.5500       -0.4500       -0.2166   
    -2.4000       -0.4500       -0.3668   
    -2.2500       -0.4500       -0.5815   
    -2.1000       -0.4500       -0.8562   
    -1.9500       -0.4500       -1.1577   
    -1.8000       -0.4500       -1.4139   
    -1.6500       -0.4500       -1.5146   
    -1.5000       -0.4500       -1.3357   
    -1.3500       -0.4500       -0.7874   
    -1.2000       -0.4500       0.1288    
    -1.0500       -0.4500       1.2845    
    -0.9000       -0.4500       2.4387    
    -0.7500       -0.4500       3.3110    
    -0.6000       -0.4500       3.6818    
    -0.4500       -0.4500       3.4749    
    -0.3000       -0.4500       2.7805    
    -0.1500       -0.4500       1.8166    
    0.0000        -0.4500       0.8528    
    0.1500        -0.4500       0.1322    
    0.3000        -0.4500       -0.1864   
    0.4500        -0.4500       -0.0583   
    0.6000        -0.4500       0.4467    
    0.7500        -0.4500       1.1715    
    0.9000        -0.4500       1.9205    
    1.0500        -0.4500       2.5156    
    1.2000        -0.4500       2.8416    
    1.3500        -0.4500       2.8660    
    1.5000        -0.4500       2.6306    
    1.6500        -0.4500       2.2235    
    1.8000        -0.4500       1.7442    
    1.9500        -0.4500       1.2768    
    2.1000        -0.4500       0.8758    
    2.2500        -0.4500       0.5646    
    2.4000        -0.4500       0.3429    
    2.5500        -0.4500       0.1966    
    2.7000        -0.4500       0.1066    
    2.8500        -0.4500       0.0547    
    3.0000        -0.4500       0.0266    
    -3.0000       -0.3000       -0.0353   
    -2.8500       -0.3000       -0.0708   
    -2.7000       -0.3000       -0.1348   
    -2.5500       -0.3000       -0.2427   
    -2.4000       -0.3000       -0.4119   
    -2.2500       -0.3000       -0.6549   
    -2.1000       -0.3000       -0.9688   
    -1.9500       -0.3000       -1.3204   
    -1.8000       -0.3000       -1.6344   
    -1.6500       -0.3000       -1.7934   
    -1.5000       -0.3000       -1.6626   
    -1.3500       -0.3000       -1.1396   
    -1.2000       -0.3000       -0.2147   
    -1.0500       -0.3000       0.9888    
    -0.9000       -0.3000       2.2263    
    -0.7500       -0.3000       3.2031    
    -0.6000       -0.3000       3.6787    
    -0.4500       -0.3000       3.5550    
    -0.3000       -0.3000       2.9074    
    -0.1500       -0.3000       1.9518    
    0.0000        -0.3000       0.9694    
    0.1500        -0.3000       0.2239    
    0.3000        -0.3000       -0.1043   
    0.4500        -0.3000       0.0436    
    0.6000        -0.3000       0.5990    
    0.7500        -0.3000       1.3939    
    0.9000        -0.3000       2.2143    
    1.0500        -0.3000       2.8638    
    1.2000        -0.3000       3.2146    
    1.3500        -0.3000       3.2308    
    1.5000        -0.3000       2.9593    
    1.6500        -0.3000       2.4979    
    1.8000        -0.3000       1.9576    
    1.9500        -0.3000       1.4321    
    2.1000        -0.3000       0.9819    
    2.2500        -0.3000       0.6328    
    2.4000        -0.3000       0.3842    
    2.5500        -0.3000       0.2202    
    2.7000        -0.3000       0.1194    
    2.8500        -0.3000       0.0612    
    3.0000        -0.3000       0.0298    
    -3.0000       -0.1500       -0.0377   
    -2.8500       -0.1500       -0.0757   
    -2.7000       -0.1500       -0.1443   
    -2.5500       -0.1500       -0.2600   
    -2.4000       -0.1500       -0.4416   
    -2.2500       -0.1500       -0.7034   
    -2.1000       -0.1500       -1.0434   
    -1.9500       -0.1500       -1.4286   
    -1.8000       -0.1500       -1.7815   
    -1.6500       -0.1500       -1.9804   
    -1.5000       -0.1500       -1.8837   
    -1.3500       -0.1500       -1.3809   
    -1.2000       -0.1500       -0.4551   
    -1.0500       -0.1500       0.7739    
    -0.9000       -0.1500       2.0589    
    -0.7500       -0.1500       3.0965    
    -0.6000       -0.1500       3.6328    
    -0.4500       -0.1500       3.5562    
    -0.3000       -0.1500       2.9332    
    -0.1500       -0.1500       1.9791    
    0.0000        -0.1500       0.9830    
    0.1500        -0.1500       0.2226    
    0.3000        -0.1500       -0.1078   
    0.4500        -0.1500       0.0591    
    0.6000        -0.1500       0.6550    
    0.7500        -0.1500       1.5040    
    0.9000        -0.1500       2.3791    
    1.0500        -0.1500       3.0714    
    1.2000        -0.1500       3.4445    
    1.3500        -0.1500       3.4602    
    1.5000        -0.1500       3.1684    
    1.6500        -0.1500       2.6738    
    1.8000        -0.1500       2.0952    
    1.9500        -0.1500       1.5327    
    2.1000        -0.1500       1.0507    
    2.2500        -0.1500       0.6771    
    2.4000        -0.1500       0.4111    
    2.5500        -0.1500       0.2357    
    2.7000        -0.1500       0.1277    
    2.8500        -0.1500       0.0655    
    3.0000        -0.1500       0.0319    
    -3.0000       0.0000        -0.0386   
    -2.8500       0.0000        -0.0775   
    -2.7000       0.0000        -0.1476   
    -2.5500       0.0000        -0.2661   
    -2.4000       0.0000        -0.4520   
    -2.2500       0.0000        -0.7203   
    -2.1000       0.0000        -1.0695   
    -1.9500       0.0000        -1.4665   
    -1.8000       0.0000        -1.8331   
    -1.6500       0.0000        -2.0461   
    -1.5000       0.0000        -1.9615   
    -1.3500       0.0000        -1.4661   
    -1.2000       0.0000        -0.5404   
    -1.0500       0.0000        0.6967    
    -0.9000       0.0000        1.9976    
    -0.7500       0.0000        3.0555    
    -0.6000       0.0000        3.6121    
    -0.4500       0.0000        3.5511    
    -0.3000       0.0000        2.9361    
    -0.1500       0.0000        1.9820    
    0.0000        0.0000        0.9810    
    0.1500        0.0000        0.2156    
    0.3000        0.0000        -0.1152   
    0.4500        0.0000        0.0590    
    0.6000        0.0000        0.6699    
    0.7500        0.0000        1.5385    
    0.9000        0.0000        2.4336    
    1.0500        0.0000        3.1415    
    1.2000        0.0000        3.5231    
    1.3500        0.0000        3.5390    
    1.5000        0.0000        3.2405    
    1.6500        0.0000        2.7347    
    1.8000        0.0000        2.1429    
    1.9500        0.0000        1.5675    
    2.1000        0.0000        1.0746    
    2.2500        0.0000        0.6925    
    2.4000        0.0000        0.4205    
    2.5500        0.0000        0.2410    
    2.7000        0.0000        0.1306    
    2.8500        0.0000        0.0670    
    3.0000        0.0000        0.0326    
    -3.0000       0.1500        -0.0377   
    -2.8500       0.1500        -0.0757   
    -2.7000       0.1500        -0.1443   
    -2.5500       0.1500        -0.2600   
    -2.4000       0.1500        -0.4416   
    -2.2500       0.1500        -0.7034   
    -2.1000       0.1500        -1.0434   
    -1.9500       0.1500        -1.4286   
    -1.8000       0.1500        -1.7815   
    -1.6500       0.1500        -1.9803   
    -1.5000       0.1500        -1.8836   
    -1.3500       0.1500        -1.3806   
    -1.2000       0.1500        -0.4547   
    -1.0500       0.1500        0.7744    
    -0.9000       0.1500        2.0596    
    -0.7500       0.1500        3.0973    
    -0.6000       0.1500        3.6338    
    -0.4500       0.1500        3.5574    
    -0.3000       0.1500        2.9346    
    -0.1500       0.1500        1.9805    
    0.0000        0.1500        0.9845    
    0.1500        0.1500        0.2241    
    0.3000        0.1500        -0.1064   
    0.4500        0.1500        0.0603    
    0.6000        0.1500        0.6561    
    0.7500        0.1500        1.5048    
    0.9000        0.1500        2.3798    
    1.0500        0.1500        3.0719    
    1.2000        0.1500        3.4449    
    1.3500        0.1500        3.4604    
    1.5000        0.1500        3.1685    
    1.6500        0.1500        2.6739    
    1.8000        0.1500        2.0953    
    1.9500        0.1500        1.5327    
    2.1000        0.1500        1.0507    
    2.2500        0.1500        0.6771    
    2.4000        0.1500        0.4111    
    2.5500        0.1500        0.2357    
    2.7000        0.1500        0.1277    
    2.8500        0.1500        0.0655    
    3.0000        0.1500        0.0319    
    -3.0000       0.3000        -0.0352   
    -2.8500       0.3000        -0.0707   
    -2.7000       0.3000        -0.1347   
    -2.5500       0.3000        -0.2427   
    -2.4000       0.3000        -0.4117   
    -2.2500       0.3000        -0.6546   
    -2.1000       0.3000        -0.9682   
    -1.9500       0.3000        -1.3195   
    -1.8000       0.3000        -1.6327   
    -1.6500       0.3000        -1.7904   
    -1.5000       0.3000        -1.6579   
    -1.3500       0.3000        -1.1324   
    -1.2000       0.3000        -0.2042   
    -1.0500       0.3000        1.0036    
    -0.9000       0.3000        2.2461    
    -0.7500       0.3000        3.2284    
    -0.6000       0.3000        3.7097    
    -0.4500       0.3000        3.5912    
    -0.3000       0.3000        2.9480    
    -0.1500       0.3000        1.9952    
    0.0000        0.3000        1.0138    
    0.1500        0.3000        0.2673    
    0.3000        0.3000        -0.0637   
    0.4500        0.3000        0.0799    
    0.6000        0.3000        0.6300    
    0.7500        0.3000        1.4192    
    0.9000        0.3000        2.2341    
    1.0500        0.3000        2.8785    
    1.2000        0.3000        3.2251    
    1.3500        0.3000        3.2380    
    1.5000        0.3000        2.9640    
    1.6500        0.3000        2.5008    
    1.8000        0.3000        1.9594    
    1.9500        0.3000        1.4331    
    2.1000        0.3000        0.9824    
    2.2500        0.3000        0.6330    
    2.4000        0.3000        0.3844    
    2.5500        0.3000        0.2203    
    2.7000        0.3000        0.1194    
    2.8500        0.3000        0.0613    
    3.0000        0.3000        0.0298    
    -3.0000       0.4500        -0.0315   
    -2.8500       0.4500        -0.0631   
    -2.7000       0.4500        -0.1201   
    -2.5500       0.4500        -0.2161   
    -2.4000       0.4500        -0.3659   
    -2.2500       0.4500        -0.5796   
    -2.1000       0.4500        -0.8525   
    -1.9500       0.4500        -1.1510   
    -1.8000       0.4500        -1.4021   
    -1.6500       0.4500        -1.4948   
    -1.5000       0.4500        -1.3039   
    -1.3500       0.4500        -0.7387   
    -1.2000       0.4500        0.2002    
    -1.0500       0.4500        1.3845    
    -0.9000       0.4500        2.5728    
    -0.7500       0.4500        3.4827    
    -0.6000       0.4500        3.8921    
    -0.4500       0.4500        3.7210    
    -0.3000       0.4500        3.0560    
    -0.1500       0.4500        2.1113    
    0.0000        0.4500        1.1542    
    0.1500        0.4500        0.4269    
    0.3000        0.4500        0.0891    
    0.4500        0.4500        0.1879    
    0.6000        0.4500        0.6570    
    0.7500        0.4500        1.3433    
    0.9000        0.4500        2.0546    
    1.0500        0.4500        2.6157    
    1.2000        0.4500        2.9130    
    1.3500        0.4500        2.9147    
    1.5000        0.4500        2.6624    
    1.6500        0.4500        2.2433    
    1.8000        0.4500        1.7560    
    1.9500        0.4500        1.2836    
    2.1000        0.4500        0.8795    
    2.2500        0.4500        0.5665    
    2.4000        0.4500        0.3439    
    2.5500        0.4500        0.1971    
    2.7000        0.4500        0.1068    
    2.8500        0.4500        0.0548    
    3.0000        0.4500        0.0266    
    -3.0000       0.6000        -0.0268   
    -2.8500       0.6000        -0.0537   
    -2.7000       0.6000        -0.1021   
    -2.5500       0.6000        -0.1833   
    -2.4000       0.6000        -0.3090   
    -2.2500       0.6000        -0.4864   
    -2.1000       0.6000        -0.7080   
    -1.9500       0.6000        -0.9396   
    -1.8000       0.6000        -1.1108   
    -1.6500       0.6000        -1.1176   
    -1.5000       0.6000        -0.8460   
    -1.3500       0.6000        -0.2190   
    -1.2000       0.6000        0.7507    
    -1.0500       0.6000        1.9287    
    -0.9000       0.6000        3.0771    
    -0.7500       0.6000        3.9276    
    -0.6000       0.6000        4.2790    
    -0.4500       0.6000        4.0714    
    -0.3000       0.6000        3.4025    
    -0.1500       0.6000        2.4827    
    0.0000        0.6000        1.5606    
    0.1500        0.6000        0.8516    
    0.3000        0.6000        0.4904    
    0.4500        0.6000        0.5116    
    0.6000        0.6000        0.8537    
    0.7500        0.6000        1.3840    
    0.9000        0.6000        1.9393    
    1.0500        0.6000        2.3719    
    1.2000        0.6000        2.5866    
    1.3500        0.6000        2.5568    
    1.5000        0.6000        2.3181    
    1.6500        0.6000        1.9436    
    1.8000        0.6000        1.5163    
    1.9500        0.6000        1.1058    
    2.1000        0.6000        0.7563    
    2.2500        0.6000        0.4866    
    2.4000        0.6000        0.2951    
    2.5500        0.6000        0.1690    
    2.7000        0.6000        0.0915    
    2.8500        0.6000        0.0469    
    3.0000        0.6000        0.0228    
    -3.0000       0.7500        -0.0218   
    -2.8500       0.7500        -0.0435   
    -2.7000       0.7500        -0.0825   
    -2.5500       0.7500        -0.1474   
    -2.4000       0.7500        -0.2467   
    -2.2500       0.7500        -0.3838   
    -2.1000       0.7500        -0.5480   
    -1.9500       0.7500        -0.7038   
    -1.8000       0.7500        -0.7826   
    -1.6500       0.7500        -0.6866   
    -1.5000       0.7500        -0.3130   
    -1.3500       0.7500        0.4023    
    -1.2000       0.7500        1.4344    
    -1.0500       0.7500        2.6424    
    -0.9000       0.7500        3.7918    
    -0.7500       0.7500        4.6271    
    -0.6000       0.7500        4.9658    
    -0.4500       0.7500        4.7653    
    -0.3000       0.7500        4.1299    
    -0.1500       0.7500        3.2617    
    0.0000        0.7500        2.3859    
    0.1500        0.7500        1.6878    
    0.3000        0.7500        1.2768    
    0.4500        0.7500        1.1768    
    0.6000        0.7500        1.3362    
    0.7500        0.7500        1.6492    
    0.9000        0.7500        1.9883    
    1.0500        0.7500        2.2390    
    1.2000        0.7500        2.3278    
    1.3500        0.7500        2.2351    
    1.5000        0.7500        1.9890    
    1.6500        0.7500        1.6471    
    1.8000        0.7500        1.2740    
    1.9500        0.7500        0.9233    
    2.1000        0.7500        0.6287    
    2.2500        0.7500        0.4031    
    2.4000        0.7500        0.2438    
    2.5500        0.7500        0.1394    
    2.7000        0.7500        0.0753    
    2.8500        0.7500        0.0386    
    3.0000        0.7500        0.0187    
    -3.0000       0.9000        -0.0168   
    -2.8500       0.9000        -0.0334   
    -2.7000       0.9000        -0.0630   
    -2.5500       0.9000        -0.1116   
    -2.4000       0.9000        -0.1843   
    -2.2500       0.9000        -0.2805   
    -2.1000       0.9000        -0.3859   
    -1.9500       0.9000        -0.4626   
    -1.8000       0.9000        -0.4430   
    -1.6500       0.9000        -0.2339   
    -1.5000       0.9000        0.2587    
    -1.3500       0.9000        1.0875    
    -1.2000       0.9000        2.2169    
    -1.0500       0.9000        3.5003    
    -0.9000       0.9000        4.7052    
    -0.7500       0.9000        5.5860    
    -0.6000       0.9000        5.9743    
    -0.4500       0.9000        5.8383    
    -0.3000       0.9000        5.2828    
    -0.1500       0.9000        4.4957    
    0.0000        0.9000        3.6759    
    0.1500        0.9000        2.9778    
    0.3000        0.9000        2.4871    
    0.4500        0.9000        2.2218    
    0.6000        0.9000        2.1451    
    0.7500        0.9000        2.1839    
    0.9000        0.9000        2.2514    
    1.0500        0.9000        2.2698    
    1.2000        0.9000        2.1898    
    1.3500        0.9000        1.9990    
    1.5000        0.9000        1.7185    
    1.6500        0.9000        1.3892    
    1.8000        0.9000        1.0562    
    1.9500        0.9000        0.7560    
    2.1000        0.9000        0.5100    
    2.2500        0.9000        0.3247    
    2.4000        0.9000        0.1953    
    2.5500        0.9000        0.1112    
    2.7000        0.9000        0.0599    
    2.8500        0.9000        0.0306    
    3.0000        0.9000        0.0148    
    -3.0000       1.0500        -0.0122   
    -2.8500       1.0500        -0.0242   
    -2.7000       1.0500        -0.0451   
    -2.5500       1.0500        -0.0786   
    -2.4000       1.0500        -0.1265   
    -2.2500       1.0500        -0.1843   
    -2.1000       1.0500        -0.2338   
    -1.9500       1.0500        -0.2346   
    -1.8000       1.0500        -0.1183   
    -1.6500       1.0500        0.2051    
    -1.5000       1.0500        0.8234    
    -1.3500       1.0500        1.7805    
    -1.2000       1.0500        3.0324    
    -1.0500       1.0500        4.4277    
    -0.9000       1.0500        5.7346    
    -0.7500       1.0500        6.7140    
    -0.6000       1.0500        7.2058    
    -0.4500       1.0500        7.1827    
    -0.3000       1.0500        6.7440    
    -0.1500       1.0500        6.0597    
    0.0000        1.0500        5.3007    
    0.1500        1.0500        4.5923    
    0.3000        1.0500        4.0004    
    0.4500        1.0500        3.5410    
    0.6000        1.0500        3.1963    
    0.7500        1.0500        2.9288    
    0.9000        1.0500        2.6935    
    1.0500        1.0500        2.4503    
    1.2000        1.0500        2.1740    
    1.3500        1.0500        1.8602    
    1.5000        1.0500        1.5227    
    1.6500        1.0500        1.1866    
    1.8000        1.0500        0.8775    
    1.9500        1.0500        0.6151    
    2.1000        1.0500        0.4083    
    2.2500        1.0500        0.2568    
    2.4000        1.0500        0.1530    
    2.5500        1.0500        0.0864    
    2.7000        1.0500        0.0463    
    2.8500        1.0500        0.0235    
    3.0000        1.0500        0.0113    
    -3.0000       1.2000        -0.0083   
    -2.8500       1.2000        -0.0163   
    -2.7000       1.2000        -0.0298   
    -2.5500       1.2000        -0.0503   
    -2.4000       1.2000        -0.0768   
    -2.2500       1.2000        -0.1013   
    -2.1000       1.2000        -0.1020   
    -1.9500       1.2000        -0.0356   
    -1.8000       1.2000        0.1672    
    -1.6500       1.2000        0.5950    
    -1.5000       1.2000        1.3311    
    -1.3500       1.2000        2.4132    
    -1.2000       1.2000        3.7909    
    -1.0500       1.2000        5.3090    
    -0.9000       1.2000        6.7357    
    -0.7500       1.2000        7.8357    
    -0.6000       1.2000        8.4531    
    -0.4500       1.2000        8.5609    
    -0.3000       1.2000        8.2499    
    -0.1500       1.2000        7.6712    
    0.0000        1.2000        6.9701    
    0.1500        1.2000        6.2463    
    0.3000        1.2000        5.5500    
    0.4500        1.2000        4.8979    
    0.6000        1.2000        4.2916    
    0.7500        1.2000        3.7275    
    0.9000        1.2000        3.1995    
    1.0500        1.2000        2.7019    
    1.2000        1.2000        2.2317    
    1.3500        1.2000        1.7915    
    1.5000        1.2000        1.3893    
    1.6500        1.2000        1.0354    
    1.8000        1.2000        0.7386    
    1.9500        1.2000        0.5030    
    2.1000        1.2000        0.3263    
    2.2500        1.2000        0.2014    
    2.4000        1.2000        0.1182    
    2.5500        1.2000        0.0659    
    2.7000        1.2000        0.0350    
    2.8500        1.2000        0.0176    
    3.0000        1.2000        0.0084    
    -3.0000       1.3500        -0.0052   
    -2.8500       1.3500        -0.0100   
    -2.7000       1.3500        -0.0176   
    -2.5500       1.3500        -0.0278   
    -2.4000       1.3500        -0.0373   
    -2.2500       1.3500        -0.0353   
    -2.1000       1.3500        0.0028    
    -1.9500       1.3500        0.1228    
    -1.8000       1.3500        0.3948    
    -1.6500       1.3500        0.9062    
    -1.5000       1.3500        1.7372    
    -1.3500       1.3500        2.9204    
    -1.2000       1.3500        4.4008    
    -1.0500       1.3500        6.0198    
    -0.9000       1.3500        7.5458    
    -0.7500       1.3500        8.7460    
    -0.6000       1.3500        9.4679    
    -0.4500       1.3500        9.6840    
    -0.3000       1.3500        9.4778    
    -0.1500       1.3500        8.9853    
    0.0000        1.3500        8.3310    
    0.1500        1.3500        7.5942    
    0.3000        1.3500        6.8126    
    0.4500        1.3500        6.0041    
    0.6000        1.3500        5.1861    
    0.7500        1.3500        4.3821    
    0.9000        1.3500        3.6176    
    1.0500        1.3500        2.9141    
    1.2000        1.3500        2.2866    
    1.3500        1.3500        1.7435    
    1.5000        1.3500        1.2877    
    1.6500        1.3500        0.9183    
    1.8000        1.3500        0.6302    
    1.9500        1.3500        0.4151    
    2.1000        1.3500        0.2618    
    2.2500        1.3500        0.1578    
    2.4000        1.3500        0.0908    
    2.5500        1.3500        0.0498    
    2.7000        1.3500        0.0261    
    2.8500        1.3500        0.0130    
    3.0000        1.3500        0.0062    
    -3.0000       1.5000        -0.0030   
    -2.8500       1.5000        -0.0054   
    -2.7000       1.5000        -0.0087   
    -2.5500       1.5000        -0.0114   
    -2.4000       1.5000        -0.0087   
    -2.2500       1.5000        0.0123    
    -2.1000       1.5000        0.0780    
    -1.9500       1.5000        0.2354    
    -1.8000       1.5000        0.5548    
    -1.6500       1.5000        1.1220    
    -1.5000       1.5000        2.0137    
    -1.3500       1.5000        3.2583    
    -1.2000       1.5000        4.7963    
    -1.0500       1.5000        6.4666    
    -0.9000       1.5000        8.0382    
    -0.7500       1.5000        9.2818    
    -0.6000       1.5000        10.0494   
    -0.4500       1.5000        10.3162   
    -0.3000       1.5000        10.1638   
    -0.1500       1.5000        9.7196    
    0.0000        1.5000        9.0945    
    0.1500        1.5000        8.3536    
    0.3000        1.5000        7.5245    
    0.4500        1.5000        6.6238    
    0.6000        1.5000        5.6778    
    0.7500        1.5000        4.7270    
    0.9000        1.5000        3.8174    
    1.0500        1.5000        2.9887    
    1.2000        1.5000        2.2678    
    1.3500        1.5000        1.6668    
    1.5000        1.5000        1.1853    
    1.6500        1.5000        0.8142    
    1.8000        1.5000        0.5393    
    1.9500        1.5000        0.3438    
    2.1000        1.5000        0.2106    
    2.2500        1.5000        0.1237    
    2.4000        1.5000        0.0695    
    2.5500        1.5000        0.0374    
    2.7000        1.5000        0.0192    
    2.8500        1.5000        0.0094    
    3.0000        1.5000        0.0044    
    -3.0000       1.6500        -0.0014   
    -2.8500       1.6500        -0.0023   
    -2.7000       1.6500        -0.0028   
    -2.5500       1.6500        -0.0006   
    -2.4000       1.6500        0.0100    
    -2.2500       1.6500        0.0428    
    -2.1000       1.6500        0.1250    
    -1.9500       1.6500        0.3037    
    -1.8000       1.6500        0.6481    
    -1.6500       1.6500        1.2413    
    -1.5000       1.6500        2.1561    
    -1.3500       1.6500        3.4158    
    -1.2000       1.6500        4.9566    
    -1.0500       1.6500        6.6155    
    -0.9000       1.6500        8.1627    
    -0.7500       1.6500        9.3743    
    -0.6000       1.6500        10.1099   
    -0.4500       1.6500        10.3529   
    -0.3000       1.6500        10.1897   
    -0.1500       1.6500        9.7474    
    0.0000        1.6500        9.1318    
    0.1500        1.6500        8.3992    
    0.3000        1.6500        7.5686    
    0.4500        1.6500        6.6515    
    0.6000        1.6500        5.6749    
    0.7500        1.6500        4.6847    
    0.9000        1.6500        3.7352    
    1.0500        1.6500        2.8748    
    1.2000        1.6500        2.1357    
    1.3500        1.6500        1.5316    
    1.5000        1.6500        1.0601    
    1.6500        1.6500        0.7078    
    1.8000        1.6500        0.4556    
    1.9500        1.6500        0.2823    
    2.1000        1.6500        0.1683    
    2.2500        1.6500        0.0964    
    2.4000        1.6500        0.0530    
    2.5500        1.6500        0.0279    
    2.7000        1.6500        0.0141    
    2.8500        1.6500        0.0068    
    3.0000        1.6500        0.0031    
    -3.0000       1.8000        -0.0005   
    -2.8500       1.8000        -0.0004   
    -2.7000       1.8000        0.0008    
    -2.5500       1.8000        0.0056    
    -2.4000       1.8000        0.0204    
    -2.2500       1.8000        0.0590    
    -2.1000       1.8000        0.1485    
    -1.9500       1.8000        0.3347    
    -1.8000       1.8000        0.6847    
    -1.6500       1.8000        1.2779    
    -1.5000       1.8000        2.1820    
    -1.3500       1.8000        3.4148    
    -1.2000       1.8000        4.9080    
    -1.0500       1.8000        6.4967    
    -0.9000       1.8000        7.9534    
    -0.7500       1.8000        9.0613    
    -0.6000       1.8000        9.6916    
    -0.4500       1.8000        9.8403    
    -0.3000       1.8000        9.6058    
    -0.1500       1.8000        9.1230    
    0.0000        1.8000        8.4991    
    0.1500        1.8000        7.7867    
    0.3000        1.8000        6.9970    
    0.4500        1.8000        6.1330    
    0.6000        1.8000        5.2141    
    0.7500        1.8000        4.2816    
    0.9000        1.8000        3.3877    
    1.0500        1.8000        2.5803    
    1.2000        1.8000        1.8915    
    1.3500        1.8000        1.3349    
    1.5000        1.8000        0.9070    
    1.6500        1.8000        0.5934    
    1.8000        1.8000        0.3738    
    1.9500        1.8000        0.2265    
    2.1000        1.8000        0.1320    
    2.2500        1.8000        0.0740    
    2.4000        1.8000        0.0398    
    2.5500        1.8000        0.0205    
    2.7000        1.8000        0.0102    
    2.8500        1.8000        0.0048    
    3.0000        1.8000        0.0022    
    -3.0000       1.9500        0.0000    
    -2.8500       1.9500        0.0006    
    -2.7000       1.9500        0.0025    
    -2.5500       1.9500        0.0085    
    -2.4000       1.9500        0.0248    
    -2.2500       1.9500        0.0649    
    -2.1000       1.9500        0.1548    
    -1.9500       1.9500        0.3387    
    -1.8000       1.9500        0.6804    
    -1.6500       1.9500        1.2548    
    -1.5000       1.9500        2.1241    
    -1.3500       1.9500        3.3002    
    -1.2000       1.9500        4.7102    
    -1.0500       1.9500        6.1872    
    -0.9000       1.9500        7.5069    
    -0.7500       1.9500        8.4611    
    -0.6000       1.9500        8.9342    
    -0.4500       1.9500        8.9393    
    -0.3000       1.9500        8.5910    
    -0.1500       1.9500        8.0374    
    0.0000        1.9500        7.3926    
    0.1500        1.9500        6.7087    
    0.3000        1.9500        5.9900    
    0.4500        1.9500        5.2282    
    0.6000        1.9500        4.4298    
    0.7500        1.9500        3.6241    
    0.9000        1.9500        2.8536    
    1.0500        1.9500        2.1592    
    1.2000        1.9500        1.5695    
    1.3500        1.9500        1.0961    
    1.5000        1.9500        0.7356    
    1.6500        1.9500        0.4745    
    1.8000        1.9500        0.2943    
    1.9500        1.9500        0.1754    
    2.1000        1.9500        0.1005    
    2.2500        1.9500        0.0553    
    2.4000        1.9500        0.0292    
    2.5500        1.9500        0.0148    
    2.7000        1.9500        0.0072    
    2.8500        1.9500        0.0034    
    3.0000        1.9500        0.0015    
    -3.0000       2.1000        0.0003    
    -2.8500       2.1000        0.0010    
    -2.7000       2.1000        0.0031    
    -2.5500       2.1000        0.0093    
    -2.4000       2.1000        0.0254    
    -2.2500       2.1000        0.0642    
    -2.1000       2.1000        0.1506    
    -1.9500       2.1000        0.3264    
    -1.8000       2.1000        0.6519    
    -1.6500       2.1000        1.1976    
    -1.5000       2.1000        2.0198    
    -1.3500       2.1000        3.1247    
    -1.2000       2.1000        4.4347    
    -1.0500       2.1000        5.7818    
    -0.9000       2.1000        6.9446    
    -0.7500       2.1000        7.7237    
    -0.6000       2.1000        8.0178    
    -0.4500       2.1000        7.8578    
    -0.3000       2.1000        7.3769    
    -0.1500       2.1000        6.7386    
    0.0000        2.1000        6.0664    
    0.1500        2.1000        5.4143    
    0.3000        2.1000        4.7805    
    0.4500        2.1000        4.1444    
    0.6000        2.1000        3.4972    
    0.7500        2.1000        2.8522    
    0.9000        2.1000        2.2383    
    1.0500        2.1000        1.6866    
    1.2000        2.1000        1.2192    
    1.3500        2.1000        0.8456    
    1.5000        2.1000        0.5628    
    1.6500        2.1000        0.3595    
    1.8000        2.1000        0.2205    
    1.9500        2.1000        0.1298    
    2.1000        2.1000        0.0734    
    2.2500        2.1000        0.0398    
    2.4000        2.1000        0.0208    
    2.5500        2.1000        0.0104    
    2.7000        2.1000        0.0050    
    2.8500        2.1000        0.0023    
    3.0000        2.1000        0.0010    
    -3.0000       2.2500        0.0003    
    -2.8500       2.2500        0.0010    
    -2.7000       2.2500        0.0031    
    -2.5500       2.2500        0.0089    
    -2.4000       2.2500        0.0239    
    -2.2500       2.2500        0.0603    
    -2.1000       2.2500        0.1414    
    -1.9500       2.2500        0.3069    
    -1.8000       2.2500        0.6140    
    -1.6500       2.2500        1.1285    
    -1.5000       2.2500        1.9016    
    -1.3500       2.2500        2.9346    
    -1.2000       2.2500        4.1458    
    -1.0500       2.2500        5.3657    
    -0.9000       2.2500        6.3761    
    -0.7500       2.2500        6.9857    
    -0.6000       2.2500        7.1064    
    -0.4500       2.2500        6.7859    
    -0.3000       2.2500        6.1752    
    -0.1500       2.2500        5.4530    
    0.0000        2.2500        4.7529    
    0.1500        2.2500        4.1313    
    0.3000        2.2500        3.5815    
    0.4500        2.2500        3.0713    
    0.6000        2.2500        2.5765    
    0.7500        2.2500        2.0944    
    0.9000        2.2500        1.6395    
    1.0500        2.2500        1.2319    
    1.2000        2.2500        0.8873    
    1.3500        2.2500        0.6126    
    1.5000        2.2500        0.4054    
    1.6500        2.2500        0.2572    
    1.8000        2.2500        0.1565    
    1.9500        2.2500        0.0914    
    2.1000        2.2500        0.0512    
    2.2500        2.2500        0.0275    
    2.4000        2.2500        0.0142    
    2.5500        2.2500        0.0070    
    2.7000        2.2500        0.0033    
    2.8500        2.2500        0.0015    
    3.0000        2.2500        0.0007    
    -3.0000       2.4000        0.0003    
    -2.8500       2.4000        0.0009    
    -2.7000       2.4000        0.0028    
    -2.5500       2.4000        0.0080    
    -2.4000       2.4000        0.0218    
    -2.2500       2.4000        0.0555    
    -2.1000       2.4000        0.1313    
    -1.9500       2.4000        0.2869    
    -1.8000       2.4000        0.5767    
    -1.6500       2.4000        1.0629    
    -1.5000       2.4000        1.7925    
    -1.3500       2.4000        2.7624    
    -1.2000       2.4000        3.8877    
    -1.0500       2.4000        4.9979    
    -0.9000       2.4000        5.8773    
    -0.7500       2.4000        6.3415    
    -0.6000       2.4000        6.3135    
    -0.4500       2.4000        5.8550    
    -0.3000       2.4000        5.1321    
    -0.1500       2.4000        4.3371    
    0.0000        2.4000        3.6124    
    0.1500        2.4000        3.0169    
    0.3000        2.4000        2.5399    
    0.4500        2.4000        2.1396    
    0.6000        2.4000        1.7785    
    0.7500        2.4000        1.4395    
    0.9000        2.4000        1.1242    
    1.0500        2.4000        0.8431    
    1.2000        2.4000        0.6058    
    1.3500        2.4000        0.4169    
    1.5000        2.4000        0.2748    
    1.6500        2.4000        0.1736    
    1.8000        2.4000        0.1050    
    1.9500        2.4000        0.0609    
    2.1000        2.4000        0.0339    
    2.2500        2.4000        0.0181    
    2.4000        2.4000        0.0092    
    2.5500        2.4000        0.0045    
    2.7000        2.4000        0.0021    
    2.8500        2.4000        0.0010    
    3.0000        2.4000        0.0004    
    -3.0000       2.5500        0.0003    
    -2.8500       2.5500        0.0008    
    -2.7000       2.5500        0.0024    
    -2.5500       2.5500        0.0071    
    -2.4000       2.5500        0.0198    
    -2.2500       2.5500        0.0511    
    -2.1000       2.5500        0.1224    
    -1.9500       2.5500        0.2698    
    -1.8000       2.5500        0.5456    
    -1.6500       2.5500        1.0091    
    -1.5000       2.5500        1.7043    
    -1.3500       2.5500        2.6245    
    -1.2000       2.5500        3.6826    
    -1.0500       2.5500        4.7074    
    -0.9000       2.5500        5.4850    
    -0.7500       2.5500        5.8362    
    -0.6000       2.5500        5.6926    
    -0.4500       2.5500        5.1268    
    -0.3000       2.5500        4.3166    
    -0.1500       2.5500        3.4646    
    0.0000        2.5500        2.7204    
    0.1500        2.5500        2.1452    
    0.3000        2.5500        1.7251    
    0.4500        2.5500        1.4110    
    0.6000        2.5500        1.1550    
    0.7500        2.5500        0.9286    
    0.9000        2.5500        0.7233    
    1.0500        2.5500        0.5416    
    1.2000        2.5500        0.3886    
    1.3500        2.5500        0.2669    
    1.5000        2.5500        0.1754    
    1.6500        2.5500        0.1104    
    1.8000        2.5500        0.0666    
    1.9500        2.5500        0.0384    
    2.1000        2.5500        0.0213    
    2.2500        2.5500        0.0113    
    2.4000        2.5500        0.0057    
    2.5500        2.5500        0.0028    
    2.7000        2.5500        0.0013    
    2.8500        2.5500        0.0006    
    3.0000        2.5500        0.0002    
    -3.0000       2.7000        0.0002    
    -2.8500       2.7000        0.0007    
    -2.7000       2.7000        0.0021    
    -2.5500       2.7000        0.0064    
    -2.4000       2.7000        0.0182    
    -2.2500       2.7000        0.0477    
    -2.1000       2.7000        0.1156    
    -1.9500       2.7000        0.2570    
    -1.8000       2.7000        0.5225    
    -1.6500       2.7000        0.9696    
    -1.5000       2.7000        1.6399    
    -1.3500       2.7000        2.5246    
    -1.2000       2.7000        3.5346    
    -1.0500       2.7000        4.4985    
    -0.9000       2.7000        5.2035    
    -0.7500       2.7000        5.4743    
    -0.6000       2.7000        5.2483    
    -0.4500       2.7000        4.6060    
    -0.3000       2.7000        3.7336    
    -0.1500       2.7000        2.8409    
    0.0000        2.7000        2.0826    
    0.1500        2.7000        1.5218    
    0.3000        2.7000        1.1424    
    0.4500        2.7000        0.8901    
    0.6000        2.7000        0.7094    
    0.7500        2.7000        0.5639    
    0.9000        2.7000        0.4376    
    1.0500        2.7000        0.3273    
    1.2000        2.7000        0.2346    
    1.3500        2.7000        0.1609    
    1.5000        2.7000        0.1056    
    1.6500        2.7000        0.0663    
    1.8000        2.7000        0.0398    
    1.9500        2.7000        0.0229    
    2.1000        2.7000        0.0126    
    2.2500        2.7000        0.0067    
    2.4000        2.7000        0.0034    
    2.5500        2.7000        0.0016    
    2.7000        2.7000        0.0008    
    2.8500        2.7000        0.0003    
    3.0000        2.7000        0.0001    
    -3.0000       2.8500        0.0002    
    -2.8500       2.8500        0.0006    
    -2.7000       2.8500        0.0019    
    -2.5500       2.8500        0.0059    
    -2.4000       2.8500        0.0170    
    -2.2500       2.8500        0.0453    
    -2.1000       2.8500        0.1109    
    -1.9500       2.8500        0.2482    
    -1.8000       2.8500        0.5069    
    -1.6500       2.8500        0.9431    
    -1.5000       2.8500        1.5969    
    -1.3500       2.8500        2.4580    
    -1.2000       2.8500        3.4364    
    -1.0500       2.8500        4.3600    
    -0.9000       2.8500        5.0173    
    -0.7500       2.8500        5.2351    
    -0.6000       2.8500        4.9550    
    -0.4500       2.8500        4.2623    
    -0.3000       2.8500        3.3487    
    -0.1500       2.8500        2.4292    
    0.0000        2.8500        1.6616    
    0.1500        2.8500        1.1102    
    0.3000        2.8500        0.7578    
    0.4500        2.8500        0.5463    
    0.6000        2.8500        0.4154    
    0.7500        2.8500        0.3234    
    0.9000        2.8500        0.2493    
    1.0500        2.8500        0.1863    
    1.2000        2.8500        0.1335    
    1.3500        2.8500        0.0915    
    1.5000        2.8500        0.0599    
    1.6500        2.8500        0.0376    
    1.8000        2.8500        0.0225    
    1.9500        2.8500        0.0129    
    2.1000        2.8500        0.0071    
    2.2500        2.8500        0.0037    
    2.4000        2.8500        0.0019    
    2.5500        2.8500        0.0009    
    2.7000        2.8500        0.0004    
    2.8500        2.8500        0.0002    
    3.0000        2.8500        0.0001    
    -3.0000       3.0000        0.0001    
    -2.8500       3.0000        0.0005    
    -2.7000       3.0000        0.0017    
    -2.5500       3.0000        0.0055    
    -2.4000       3.0000        0.0163    
    -2.2500       3.0000        0.0438    
    -2.1000       3.0000        0.1080    
    -1.9500       3.0000        0.2428    
    -1.8000       3.0000        0.4972    
    -1.6500       3.0000        0.9267    
    -1.5000       3.0000        1.5703    
    -1.3500       3.0000        2.4169    
    -1.2000       3.0000        3.3759    
    -1.0500       3.0000        4.2749    
    -0.9000       3.0000        4.9029    
    -0.7500       3.0000        5.0884    
    -0.6000       3.0000        4.7750    
    -0.4500       3.0000        4.0515    
    -0.3000       3.0000        3.1128    
    -0.1500       3.0000        2.1767    
    0.0000        3.0000        1.4035    
    0.1500        3.0000        0.8579    
    0.3000        3.0000        0.5219    
    0.4500        3.0000        0.3354    
    0.6000        3.0000        0.2352    
    0.7500        3.0000        0.1761    
    0.9000        3.0000        0.1341    
    1.0500        3.0000        0.1000    
    1.2000        3.0000        0.0717    
    1.3500        3.0000        0.0491    
    1.5000        3.0000        0.0322    
    1.6500        3.0000        0.0201    
    1.8000        3.0000        0.0120    
    1.9500        3.0000        0.0069    
    2.1000        3.0000        0.0038    
    2.2500        3.0000        0.0020    
    2.4000        3.0000        0.0010    
    2.5500        3.0000        0.0005    
    2.7000        3.0000        0.0002    
    2.8500        3.0000        0.0001    
    3.0000        3.0000        0.0000    
