    -3.0000       -3.0000       0.0001    
    -2.7000       -3.0000       0.0013    
    -2.4000       -3.0000       0.0144    
    -2.1000       -3.0000       0.1007    
    -1.8000       -3.0000       0.4737    
    -1.5000       -3.0000       1.5071    
    -1.2000       -3.0000       3.2338    
    -0.9000       -3.0000       4.6361    
    -0.6000       -3.0000       4.3566    
    -0.3000       -3.0000       2.5646    
    0.0000        -3.0000       0.8037    
    0.3000        -3.0000       -0.0262   
    0.6000        -3.0000       -0.1833   
    0.9000        -3.0000       -0.1327   
    1.2000        -3.0000       -0.0704   
    1.5000        -3.0000       -0.0311   
    1.8000        -3.0000       -0.0115   
    2.1000        -3.0000       -0.0035   
    2.4000        -3.0000       -0.0009   
    2.7000        -3.0000       -0.0002   
    3.0000        -3.0000       -0.0000   
    -3.0000       -2.7000       -0.0000   
    -2.7000       -2.7000       0.0008    
    -2.4000       -2.7000       0.0120    
    -2.1000       -2.7000       0.0918    
    -1.8000       -2.7000       0.4458    
    -1.5000       -2.7000       1.4335    
    -1.2000       -2.7000       3.0707    
    -0.9000       -2.7000       4.3324    
    -0.6000       -2.7000       3.8822    
    -0.3000       -2.7000       1.9440    
    0.0000        -2.7000       0.1245    
    0.3000        -2.7000       -0.6471   
    0.6000        -2.7000       -0.6567   
    0.9000        -2.7000       -0.4335   
    1.2000        -2.7000       -0.2293   
    1.5000        -2.7000       -0.1008   
    1.8000        -2.7000       -0.0369   
    2.1000        -2.7000       -0.0112   
    2.4000        -2.7000       -0.0028   
    2.7000        -2.7000       -0.0006   
    3.0000        -2.7000       -0.0001   
    -3.0000       -2.4000       -0.0003   
    -2.7000       -2.4000       -0.0006   
    -2.4000       -2.4000       0.0060    
    -2.1000       -2.4000       0.0703    
    -1.8000       -2.4000       0.3801    
    -1.5000       -2.4000       1.2636    
    -1.2000       -2.4000       2.6987    
    -0.9000       -2.4000       3.6449    
    -0.6000       -2.4000       2.8124    
    -0.3000       -2.4000       0.5458    
    0.0000        -2.4000       -1.4059   
    0.3000        -2.4000       -2.0464   
    0.6000        -2.4000       -1.7226   
    0.9000        -2.4000       -1.1082   
    1.2000        -2.4000       -0.5832   
    1.5000        -2.4000       -0.2541   
    1.8000        -2.4000       -0.0915   
    2.1000        -2.4000       -0.0271   
    2.4000        -2.4000       -0.0066   
    2.7000        -2.4000       -0.0013   
    3.0000        -2.4000       -0.0002   
    -3.0000       -2.1000       -0.0010   
    -2.7000       -2.1000       -0.0036   
    -2.4000       -2.1000       -0.0059   
    -2.1000       -2.1000       0.0299    
    -1.8000       -2.1000       0.2631    
    -1.5000       -2.1000       0.9733    
    -1.2000       -2.1000       2.0824    
    -0.9000       -2.1000       2.5278    
    -0.6000       -2.1000       1.0909    
    -0.3000       -2.1000       -1.6972   
    0.0000        -2.1000       -3.8621   
    0.3000        -2.1000       -4.2935   
    0.6000        -2.1000       -3.4298   
    0.9000        -2.1000       -2.1785   
    1.2000        -2.1000       -1.1331   
    1.5000        -2.1000       -0.4837   
    1.8000        -2.1000       -0.1683   
    2.1000        -2.1000       -0.0473   
    2.4000        -2.1000       -0.0105   
    2.7000        -2.1000       -0.0018   
    3.0000        -2.1000       -0.0002   
    -3.0000       -1.8000       -0.0023   
    -2.7000       -1.8000       -0.0093   
    -2.4000       -1.8000       -0.0262   
    -2.1000       -1.8000       -0.0314   
    -1.8000       -1.8000       0.1051    
    -1.5000       -1.8000       0.6220    
    -1.2000       -1.8000       1.4014    
    -0.9000       -1.8000       1.3692    
    -0.6000       -1.8000       -0.6344   
    -0.3000       -1.8000       -3.9209   
    0.0000        -1.8000       -6.3014   
    0.3000        -1.8000       -6.5297   
    0.6000        -1.8000       -5.1119   
    0.9000        -1.8000       -3.1964   
    1.2000        -1.8000       -1.6151   
    1.5000        -1.8000       -0.6529   
    1.8000        -1.8000       -0.2059   
    2.1000        -1.8000       -0.0479   
    2.4000        -1.8000       -0.0069   
    2.7000        -1.8000       0.0001    
    3.0000        -1.8000       0.0004    
    -3.0000       -1.5000       -0.0050   
    -2.7000       -1.5000       -0.0196   
    -2.4000       -1.5000       -0.0591   
    -2.1000       -1.5000       -0.1165   
    -1.8000       -1.5000       -0.0722   
    -1.5000       -1.5000       0.3265    
    -1.2000       -1.5000       1.0036    
    -0.9000       -1.5000       0.9171    
    -0.6000       -1.5000       -1.1186   
    -0.3000       -1.5000       -4.4659   
    0.0000        -1.5000       -6.9130   
    0.3000        -1.5000       -7.1053   
    0.6000        -1.5000       -5.4903   
    0.9000        -1.5000       -3.3037   
    1.2000        -1.5000       -1.5248   
    1.5000        -1.5000       -0.5019   
    1.8000        -1.5000       -0.0876   
    2.1000        -1.5000       0.0160    
    2.4000        -1.5000       0.0191    
    2.7000        -1.5000       0.0083    
    3.0000        -1.5000       0.0024    
    -3.0000       -1.2000       -0.0098   
    -2.7000       -1.2000       -0.0378   
    -2.4000       -1.2000       -0.1139   
    -2.1000       -1.2000       -0.2453   
    -1.8000       -1.2000       -0.2946   
    -1.5000       -1.2000       0.0883    
    -1.2000       -1.2000       0.9973    
    -0.9000       -1.2000       1.4904    
    -0.6000       -1.2000       0.2268    
    -0.3000       -1.2000       -2.5263   
    0.0000        -1.2000       -4.8209   
    0.3000        -1.2000       -5.2262   
    0.6000        -1.2000       -3.9347   
    0.9000        -1.2000       -2.0458   
    1.2000        -1.2000       -0.5619   
    1.5000        -1.2000       0.1465    
    1.8000        -1.2000       0.2769    
    2.1000        -1.2000       0.1829    
    2.4000        -1.2000       0.0810    
    2.7000        -1.2000       0.0269    
    3.0000        -1.2000       0.0070    
    -3.0000       -0.9000       -0.0174   
    -2.7000       -0.9000       -0.0666   
    -2.4000       -0.9000       -0.2008   
    -2.1000       -0.9000       -0.4497   
    -1.8000       -0.9000       -0.6487   
    -1.5000       -0.9000       -0.2951   
    -1.2000       -0.9000       0.9721    
    -0.9000       -0.9000       2.3680    
    -0.6000       -0.9000       2.3089    
    -0.3000       -0.9000       0.4813    
    0.0000        -0.9000       -1.5778   
    0.3000        -0.9000       -2.3144   
    0.6000        -0.9000       -1.5203   
    0.9000        -0.9000       -0.0858   
    1.2000        -0.9000       0.9450    
    1.5000        -0.9000       1.1648    
    1.8000        -0.9000       0.8504    
    2.1000        -0.9000       0.4461    
    2.4000        -0.9000       0.1788    
    2.7000        -0.9000       0.0563    
    3.0000        -0.9000       0.0142    
    -3.0000       -0.6000       -0.0269   
    -2.7000       -0.6000       -0.1029   
    -2.4000       -0.6000       -0.3124   
    -2.1000       -0.6000       -0.7212   
    -1.8000       -0.6000       -1.1533   
    -1.5000       -0.6000       -0.9604   
    -1.2000       -0.6000       0.4937    
    -0.9000       -0.6000       2.5944    
    -0.6000       -0.6000       3.5220    
    -0.3000       -0.6000       2.4108    
    0.0000        -0.6000       0.4756    
    0.3000        -0.6000       -0.5013   
    0.6000        -0.6000       0.0967    
    0.9000        -0.6000       1.4566    
    1.2000        -0.6000       2.3295    
    1.5000        -0.6000       2.2037    
    1.8000        -0.6000       1.4738    
    2.1000        -0.6000       0.7431    
    2.4000        -0.6000       0.2917    
    2.7000        -0.6000       0.0908    
    3.0000        -0.6000       0.0227    
    -3.0000       -0.3000       -0.0353   
    -2.7000       -0.3000       -0.1348   
    -2.4000       -0.3000       -0.4119   
    -2.1000       -0.3000       -0.9688   
    -1.8000       -0.3000       -1.6344   
    -1.5000       -0.3000       -1.6626   
    -1.2000       -0.3000       -0.2147   
    -0.9000       -0.3000       2.2263    
    -0.6000       -0.3000       3.6787    
    -0.3000       -0.3000       2.9074    
    0.0000        -0.3000       0.9694    
    0.3000        -0.3000       -0.1043   
    0.6000        -0.3000       0.5990    
    0.9000        -0.3000       2.2143    
    1.2000        -0.3000       3.2146    
    1.5000        -0.3000       2.9593    
    1.8000        -0.3000       1.9576    
    2.1000        -0.3000       0.9819    
    2.4000        -0.3000       0.3842    
    2.7000        -0.3000       0.1194    
    3.0000        -0.3000       0.0298    
    -3.0000       0.0000        -0.0386   
    -2.7000       0.0000        -0.1476   
    -2.4000       0.0000        -0.4520   
    -2.1000       0.0000        -1.0695   
    -1.8000       0.0000        -1.8331   
    -1.5000       0.0000        -1.9615   
    -1.2000       0.0000        -0.5404   
    -0.9000       0.0000        1.9976    
    -0.6000       0.0000        3.6121    
    -0.3000       0.0000        2.9361    
    0.0000        0.0000        0.9810    
    0.3000        0.0000        -0.1152   
    0.6000        0.0000        0.6699    
    0.9000        0.0000        2.4336    
    1.2000        0.0000        3.5231    
    1.5000        0.0000        3.2405    
    1.8000        0.0000        2.1429    
    2.1000        0.0000        1.0746    
    2.4000        0.0000        0.4205    
    2.7000        0.0000        0.1306    
    3.0000        0.0000        0.0326    
    -3.0000       0.3000        -0.0352   
    -2.7000       0.3000        -0.1347   
    -2.4000       0.3000        -0.4117   
    -2.1000       0.3000        -0.9682   
    -1.8000       0.3000        -1.6327   
    -1.5000       0.3000        -1.6579   
    -1.2000       0.3000        -0.2042   
    -0.9000       0.3000        2.2461    
    -0.6000       0.3000        3.7097    
    -0.3000       0.3000        2.9480    
    0.0000        0.3000        1.0138    
    0.3000        0.3000        -0.0637   
    0.6000        0.3000        0.6300    
    0.9000        0.3000        2.2341    
    1.2000        0.3000        3.2251    
    1.5000        0.3000        2.9640    
    1.8000        0.3000        1.9594    
    2.1000        0.3000        0.9824    
    2.4000        0.3000        0.3844    
    2.7000        0.3000        0.1194    
    3.0000        0.3000        0.0298    
    -3.0000       0.6000        -0.0268   
    -2.7000       0.6000        -0.1021   
    -2.4000       0.6000        -0.3090   
    -2.1000       0.6000        -0.7080   
    -1.8000       0.6000        -1.1108   
    -1.5000       0.6000        -0.8460   
    -1.2000       0.6000        0.7507    
    -0.9000       0.6000        3.0771    
    -0.6000       0.6000        4.2790    
    -0.3000       0.6000        3.4025    
    0.0000        0.6000        1.5606    
    0.3000        0.6000        0.4904    
    0.6000        0.6000        0.8537    
    0.9000        0.6000        1.9393    
    1.2000        0.6000        2.5866    
    1.5000        0.6000        2.3181    
    1.8000        0.6000        1.5163    
    2.1000        0.6000        0.7563    
    2.4000        0.6000        0.2951    
    2.7000        0.6000        0.0915    
    3.0000        0.6000        0.0228    
    -3.0000       0.9000        -0.0168   
    -2.7000       0.9000        -0.0630   
    -2.4000       0.9000        -0.1843   
    -2.1000       0.9000        -0.3859   
    -1.8000       0.9000        -0.4430   
    -1.5000       0.9000        0.2587    
    -1.2000       0.9000        2.2169    
    -0.9000       0.9000        4.7052    
    -0.6000       0.9000        5.9743    
    -0.3000       0.9000        5.2828    
    0.0000        0.9000        3.6759    
    0.3000        0.9000        2.4871    
    0.6000        0.9000        2.1451    
    0.9000        0.9000        2.2514    
    1.2000        0.9000        2.1898    
    1.5000        0.9000        1.7185    
    1.8000        0.9000        1.0562    
    2.1000        0.9000        0.5100    
    2.4000        0.9000        0.1953    
    2.7000        0.9000        0.0599    
    3.0000        0.9000        0.0148    
    -3.0000       1.2000        -0.0083   
    -2.7000       1.2000        -0.0298   
    -2.4000       1.2000        -0.0768   
    -2.1000       1.2000        -0.1020   
    -1.8000       1.2000        0.1672    
    -1.5000       1.2000        1.3311    
    -1.2000       1.2000        3.7909    
    -0.9000       1.2000        6.7357    
    -0.6000       1.2000        8.4531    
    -0.3000       1.2000        8.2499    
    0.0000        1.2000        6.9701    
    0.3000        1.2000        5.5500    
    0.6000        1.2000        4.2916    
    0.9000        1.2000        3.1995    
    1.2000        1.2000        2.2317    
    1.5000        1.2000        1.3893    
    1.8000        1.2000        0.7386    
    2.1000        1.2000        0.3263    
    2.4000        1.2000        0.1182    
    2.7000        1.2000        0.0350    
    3.0000        1.2000        0.0084    
    -3.0000       1.5000        -0.0030   
    -2.7000       1.5000        -0.0087   
    -2.4000       1.5000        -0.0087   
    -2.1000       1.5000        0.0780    
    -1.8000       1.5000        0.5548    
    -1.5000       1.5000        2.0137    
    -1.2000       1.5000        4.7963    
    -0.9000       1.5000        8.0382    
    -0.6000       1.5000        10.0494   
    -0.3000       1.5000        10.1638   
    0.0000        1.5000        9.0945    
    0.3000        1.5000        7.5245    
    0.6000        1.5000        5.6778    
    0.9000        1.5000        3.8174    
    1.2000        1.5000        2.2678    
    1.5000        1.5000        1.1853    
    1.8000        1.5000        0.5393    
    2.1000        1.5000        0.2106    
    2.4000        1.5000        0.0695    
    2.7000        1.5000        0.0192    
    3.0000        1.5000        0.0044    
    -3.0000       1.8000        -0.0005   
    -2.7000       1.8000        0.0008    
    -2.4000       1.8000        0.0204    
    -2.1000       1.8000        0.1485    
    -1.8000       1.8000        0.6847    
    -1.5000       1.8000        2.1820    
    -1.2000       1.8000        4.9080    
    -0.9000       1.8000        7.9534    
    -0.6000       1.8000        9.6916    
    -0.3000       1.8000        9.6058    
    0.0000        1.8000        8.4991    
    0.3000        1.8000        6.9970    
    0.6000        1.8000        5.2141    
    0.9000        1.8000        3.3877    
    1.2000        1.8000        1.8915    
    1.5000        1.8000        0.9070    
    1.8000        1.8000        0.3738    
    2.1000        1.8000        0.1320    
    2.4000        1.8000        0.0398    
    2.7000        1.8000        0.0102    
    3.0000        1.8000        0.0022    
    -3.0000       2.1000        0.0003    
    -2.7000       2.1000        0.0031    
    -2.4000       2.1000        0.0254    
    -2.1000       2.1000        0.1506    
    -1.8000       2.1000        0.6519    
    -1.5000       2.1000        2.0198    
    -1.2000       2.1000        4.4347    
    -0.9000       2.1000        6.9446    
    -0.6000       2.1000        8.0178    
    -0.3000       2.1000        7.3769    
    0.0000        2.1000        6.0664    
    0.3000        2.1000        4.7805    
    0.6000        2.1000        3.4972    
    0.9000        2.1000        2.2383    
    1.2000        2.1000        1.2192    
    1.5000        2.1000        0.5628    
    1.8000        2.1000        0.2205    
    2.1000        2.1000        0.0734    
    2.4000        2.1000        0.0208    
    2.7000        2.1000        0.0050    
    3.0000        2.1000        0.0010    
    -3.0000       2.4000        0.0003    
    -2.7000       2.4000        0.0028    
    -2.4000       2.4000        0.0218    
    -2.1000       2.4000        0.1313    
    -1.8000       2.4000        0.5767    
    -1.5000       2.4000        1.7925    
    -1.2000       2.4000        3.8877    
    -0.9000       2.4000        5.8773    
    -0.6000       2.4000        6.3135    
    -0.3000       2.4000        5.1321    
    0.0000        2.4000        3.6124    
    0.3000        2.4000        2.5399    
    0.6000        2.4000        1.7785    
    0.9000        2.4000        1.1242    
    1.2000        2.4000        0.6058    
    1.5000        2.4000        0.2748    
    1.8000        2.4000        0.1050    
    2.1000        2.4000        0.0339    
    2.4000        2.4000        0.0092    
    2.7000        2.4000        0.0021    
    3.0000        2.4000        0.0004    
    -3.0000       2.7000        0.0002    
    -2.7000       2.7000        0.0021    
    -2.4000       2.7000        0.0182    
    -2.1000       2.7000        0.1156    
    -1.8000       2.7000        0.5225    
    -1.5000       2.7000        1.6399    
    -1.2000       2.7000        3.5346    
    -0.9000       2.7000        5.2035    
    -0.6000       2.7000        5.2483    
    -0.3000       2.7000        3.7336    
    0.0000        2.7000        2.0826    
    0.3000        2.7000        1.1424    
    0.6000        2.7000        0.7094    
    0.9000        2.7000        0.4376    
    1.2000        2.7000        0.2346    
    1.5000        2.7000        0.1056    
    1.8000        2.7000        0.0398    
    2.1000        2.7000        0.0126    
    2.4000        2.7000        0.0034    
    2.7000        2.7000        0.0008    
    3.0000        2.7000        0.0001    
    -3.0000       3.0000        0.0001    
    -2.7000       3.0000        0.0017    
    -2.4000       3.0000        0.0163    
    -2.1000       3.0000        0.1080    
    -1.8000       3.0000        0.4972    
    -1.5000       3.0000        1.5703    
    -1.2000       3.0000        3.3759    
    -0.9000       3.0000        4.9029    
    -0.6000       3.0000        4.7750    
    -0.3000       3.0000        3.1128    
    0.0000        3.0000        1.4035    
    0.3000        3.0000        0.5219    
    0.6000        3.0000        0.2352    
    0.9000        3.0000        0.1341    
    1.2000        3.0000        0.0717    
    1.5000        3.0000        0.0322    
    1.8000        3.0000        0.0120    
    2.1000        3.0000        0.0038    
    2.4000        3.0000        0.0010    
    2.7000        3.0000        0.0002    
    3.0000        3.0000        0.0000    
